32260097
31789058
31979535
31666196
31586325
32180246
32172060
31615007
31965218
31795244
31897646
32239665
32219187
31592504
32061498
31699004
31799361
31565890
31758405
31854664
31649865
32067668
31674453
32262481
31606871
32000088
31623260
31531114
32206957
31676526
31901810
31551614
32069653
32193899
31977614
31694998
32255343
31967391
31719587
32114853
32030888
32252076
32049327
31557809
31910067
31887542
31697085
31834302
31617216
32211145
31543498
31839607
31621325
31994074
31693019
31918303
31933136
32200932
31535333
31758034
31709422
31699183
31690995
31987957
31891705
31973626
32096508
32012546
31846665
31916304
31738129
32047381
32177199
31962842
32271409
31637800
31946460
32223550
31985984
32090436
31787335
32108873
31644727
31691086
31627320
31564120
31885664
32270689
31861091
31930731
32176493
31572340
31805814
31883644
32174468
31649858
31838606
31924625
31689109
31762196
31678872
32135499
32258459
32289193
32037292
32138994
32252339
31863222
31619511
31776500
32102860
31885774
31860468
31949270
32096728
31574490
31945181
31902174
31941090
31874811
31869412
31674859
31556076
31827026
32078318
31738353
31535604
31767030
32027127
31969785
31941114
31894015
31771139
31625736
32008713
31863309
31767064
32119321
31541789
32274975
32121947
32053797
32285222
31758887
31767080
31533609
32098859
31990316
31650350
31932984
32182843
32154378
31910464
32012726
31679051
31638095
31681108
32031317
32191066
32133724
31994461
31955555
32064103
31545961
32121450
31783537
31910515
31566453
31879801
32115116
32100994
32123526
32057991
32215689
31640203
31552142
31892115
32103061
31591069
32182943
31740580
32241439
31896258
31773382
31926986
31584976
32066257
32064210
32160472
31814367
31668960
31623906
31681251
31742693
31959785
32074477
31736560
31578865
32199416
32187131
32180988
32226045
32105214
31539971
31732485
32025354
31902476
31812371
32174870
31773467
31632156
31648542
32158495
32230178
32256804
31824682
32166365
31709699
31699764
31755064
31851322
32115521
31855426
31906630
31716042
32082762
32111436
32004941
31722318
32181048
31943507
31718232
31605594
31716196
32244150
31968104
31552368
31632242
31552385
31947651
32101253
31761288
32097167
32027536
31769489
32291732
31710104
31888283
31853468
31601570
32276635
32016199
31972279
31755192
31966139
31732669
32193472
31730625
31544259
31777739
31824844
32103374
31577039
32182982
32232407
31917018
32187359
32092487
32187367
31790058
31583211
31607808
32103425
31626243
31841284
31636488
32148489
31773706
32222220
31650835
32242713
32136218
31679515
32195418
32031778
32154659
32128037
32293932
32003117
31612765
31720497
31601719
31556667
32191548
31689790
31790153
31616074
31689806
31546450
32238681
31652955
31935582
31851617
31726690
31700068
31907686
31779942
31915113
31883454
32201856
32099469
31984785
31753363
31835285
31802522
31941787
32087200
31876259
32251047
32128171
31927482
31943867
32140476
31626431
32105669
31769802
31900878
31864015
32038098
31597782
31876318
32142567
31948010
31810797
32005359
31957544
32126253
31704312
31841538
32265478
32054535
31563021
31866131
32290072
31917337
32228229
31796516
31622438
31809074
31823153
32073478
31636788
31954142
32211167
32283968
31630658
31962436
31896903
31682103
32036172
31677777
31931734
32154970
31849822
32251233
31665508
31753578
31901035
31941999
32107891
31966583
31976826
32216443
32101757
32066112
31847812
31618439
31800717
31720685
32278424
32139502
31729046
32273815
31561112
31972763
31974812
31907397
32103665
32013736
32030122
32139489
32142765
31684016
31620530
31778227
32255428
32088616
31790537
31780299
31614412
31583693
32256787
31694300
32062944
31647211
32286632
31643122
31999476
32136705
31878659
31849989
32218630
31555082
32259653
32082004
31548961
32206371
32036395
31753772
31888941
31987250
31608372
31897865
31934021
31532615
31761993
31546959
31639121
31678034
31630933
31813206
31762017
32161381
32028263
32216682
31895148
31901294
31673277
32159344
32011889
31606386
31635069
31585918
31538815
31833734
31628936
31596173
31999631
31581841
32104082
31944339
32198297
31852186
31641260
32171345
31844016
31782580
32020152
32143041
32114371
32147141
31831751
32007881
32044747
31921873
31864530
31987412
32266873
31622874
31954652
31823583
32263913
32093933
31532786
31995636
31624955
31983356
31903494
32258690
31708461
32282385
31993618
31926036
32001816
32105434
31778591
31555366
32274219
31682184
31964980
32237373
32102206
32040772
31604551
31571785
32036693
31958877
32145246
31676257
31956836
31942502
32044689
31756136
32227178
32094481
31977327
32221041
32141172
31561615
32182161
31551380
32253848
31733657
31971227
32112282
31672222
31606695
31614888
31992135
31928237
32008110
31872951
32131000
31922110
32290805
31633347
32122821
32214982
32262094
32272339
31967192
31535098
32227299
31700964
32094545
31969262
31846384
31948789
31846394
31541244
32262141
