4243457
4071432
2383887
3440662
4170027
3055645
3809317
2736175
2711601
3588158
4153417
2793549
2760800
2236519
3686504
3689148
2210494
2252921
2728061
2244739
2596999
3432585
2154635
2572432
3408019
2310294
3883163
3661981
2834595
3489956
3834037
3899574
3981496
3645629
2564295
3195082
3137746
3252435
3473636
2859241
2695409
2334962
4186366
2515206
4145415
2908428
3162381
3690542
4096282
2253083
3940642
2286983
2253108
3096885
3899704
3948865
2646340
3885794
3055950
3850575
2548063
3995024
3585738
3678576
2425201
2802037
2998647
3154302
2834820
3555718
4129160
3338306
3146126
2711952
3375509
2802070
3441048
3695002
3850653
3244456
2359721
3064236
2736572
2875837
3727829
3187164
2171357
3891680
4014565
2949607
2810354
3334649
2359805
2679297
2761232
2376217
3826202
2540067
2204197
3678760
3539514
3637819
2837260
2531921
2925139
2654815
2703975
2433127
3351148
3015277
3506801
3932265
3326584
3121798
3097237
2712225
2679459
3809968
2359993
3957435
4153461
4006613
3203801
3646176
3228390
2736877
2916477
2728689
2302707
2450167
3359494
3371137
3580680
3089163
2884364
3310353
3040034
3851043
3359527
4219691
2720558
2818869
3318584
3220285
2548542
2491203
3935030
2835288
2687833
3031910
4209469
2802544
3571859
2206840
3236731
3548033
4170626
3728262
2286483
3867542
4113307
3179421
2958239
2704290
3130286
3443529
2728909
3541838
3392472
4121561
4105179
3564512
2524129
3990500
3212262
3597820
2319344
2700798
4154361
3867644
4187138
3564551
2884619
3007500
3580945
3736605
3417131
2892853
3523638
3499063
3130424
3690676
3474493
3531840
2417732
3441737
2483280
2237526
4187234
4234087
4195440
3622001
2598003
3597428
3761270
3908727
3253370
2638971
2376832
3859592
3998862
2819217
3622039
4285597
3158213
3253411
3597477
4203687
3843247
2417844
4015285
2933945
2254015
2434243
2221265
3671259
4220124
3966178
3736806
2986195
3048705
2204932
3294471
2385173
2671895
4171037
2417950
3745058
4039973
2778407
3292039
2458924
2983222
2458935
2630968
2680121
2393403
2295107
2794830
3025805
2270545
4236629
2524511
3196267
2803056
3933553
3712373
2475392
4269442
2844039
2631048
4236691
3696027
3270044
3754906
2819502
4007349
2860484
2172362
2753995
2803156
3204565
4146680
2811388
3950078
4212223
2369035
3016204
3941902
2459151
2721300
4064795
3556895
2278949
3237429
3294776
3368511
3466816
2713158
3725717
2967114
3302987
4022541
3081809
2508370
3663443
3540575
2270819
3122797
4064886
3966585
3409532
3622526
4063509
3769994
3810957
3917455
2926227
2778773
3450518
2516631
2885273
3245731
2311844
2900553
4196012
3638975
2901703
2213580
3442381
3983057
3032786
2959073
3622628
3107793
3606254
3372742
2598642
2213620
2295542
4278017
3811075
2696965
4271063
3245837
3639054
3581711
3942161
2664228
3182897
2950952
3213098
3065649
4032307
2590516
3426103
3548984
3548986
2299531
2737990
3761993
2762580
3295061
3745622
3147613
2590560
2795366
2279275
3909487
3745651
3721078
3786618
2320259
3385220
3770248
4032393
3491725
2303900
3688352
2828198
2197419
2852788
3454038
2615229
3164095
2926531
4057033
4202831
2729954
3024873
2181109
2992118
4241066
4073476
3352582
3434513
2238487
3319845
2931719
4270127
3311666
3655731
2852917
4253750
3287095
2656317
3008574
3999811
2746442
3082317
2254930
3377235
2471609
3024984
2893929
2328686
2369651
2852543
2754685
2500734
3442818
3811460
2410633
2402443
3377294
4221078
3139738
2156703
2208248
2246822
2377895
2803883
3745965
2926773
2361533
3320006
3098824
2812107
4171982
3614413
3795163
3082463
3508460
3213549
2774547
3606769
3999987
3442933
4081912
3361020
2427136
2451719
3393807
3238173
2779423
3008812
3098927
3115314
3246391
2951483
4073793
2984269
2255182
2246993
3934550
3729752
2419045
3254630
3631467
3066222
3017072
3785109
4155777
2703766
2836886
2738590
3795359
4016554
2795949
3140019
2582972
2525629
3991998
2845122
2189763
3680713
3975626
3164622
4229585
2632149
2189801
2632174
2968052
3688952
3107321
2828794
2247164
4033021
2345476
3197446
2165255
3066386
2370067
4205076
3535620
3942936
4196893
3746335
3074612
2525757
3942975
3246657
2937137
3230295
3852897
2173540
3893862
3940797
2304628
3017334
4205177
3230330
3795579
4246140
2763396
4139658
2271886
2353808
4008597
3501167
2689696
3918501
4189297
3828398
2222780
3238589
2992835
3246791
2732492
2632394
4213454
2345681
3525337
2822608
2550498
2239205
3508968
2476777
3344407
3443450
2262826
2607871
2583297
2263814
2992908
3476240
3197714
2517802
3492662
4254534
2992969
2526026
3418958
3296081
2992990
3754851
3066726
3686887
3345269
3771262
3632009
2706314
3681165
2821010
4213651
3124117
2550682
2559890
3984288
4254625
3763110
4156573
2624432
3091379
3632052
3090249
3075005
2829248
3632068
2681800
3746762
2585080
3025874
2477013
3582934
2925049
2272229
4148203
2812908
2477037
3705850
3034109
2419717
3017736
3697676
3329045
2927645
2870314
2935853
2673918
3148862
2444353
3034179
3337287
3484755
2665556
2919509
4099159
2215003
3771503
3296369
3951732
3787896
3927165
2321536
2854018
3157123
3263623
3697818
2499098
3263648
3861671
2354348
3157165
3353781
3574969
2649274
4238523
3656897
4246725
3149003
3050700
2534606
4164819
2936020
4000983
2836346
3146277
3632354
4230373
3869928
2649329
2239730
2813175
3878142
3435781
2764044
2665741
3714320
4123922
3034387
2362648
2354457
3927325
4182576
3730723
2944298
3419435
3968300
3255614
2641220
4083021
2336653
2510161
3050845
3001694
4238691
3951977
3313006
3452136
3517810
3607923
2635669
2968962
3771781
2846090
3165579
3640716
2993549
3517842
2272660
3747222
3698072
2395965
2403750
2166187
2575789
3550641
2892361
2690489
4197819
4271550
3632589
2633172
4156890
4166223
3960286
2248159
3935719
4058600
2292988
2477547
3170899
3411445
2869791
2215441
2772500
3714582
3698199
2739736
2436637
2297379
3034664
3436073
3730993
3706422
4091451
4263487
2272832
2592322
3534409
3558986
2308023
3378778
2469480
3157623
3853947
2223742
2215552
3976837
3530008
2895511
3051162
2313883
4111642
4050596
3739303
2895528
3034811
4230851
3281526
2584264
2469577
3714763
3428047
3010257
3559129
2871003
3911389
2346728
4034285
3747568
2510577
2551542
2748165
2346758
4058897
3813155
2658085
2764588
2330414
3821359
3526460
3125053
2207554
3034952
3108683
4117133
3780435
3583830
4059680
3436380
2748254
2903912
3977068
3534702
2322296
3903355
3886972
2862976
4091780
2936710
3381471
3297170
4116373
4209988
3641243
3256221
3780512
2232232
3248041
3256989
3649474
4124613
3485640
3370954
2296145
3878864
2723794
3125204
3297249
2519020
2346992
2486266
2797563
2437116
3706878
3117058
3469322
2682891
2846735
3739667
3002388
3487748
2428957
3690532
2658343
2248750
2469938
3199031
3289151
3002433
2478146
3575902
2420831
3223650
4141156
3674216
4108393
2216042
3035244
2887809
2975767
2664135
3780755
4272280
2756764
3887267
2257065
2478250
2183345
3805364
2207930
3977404
3846333
2396352
3109061
2822343
3412168
2642121
3854538
3813580
3068115
2478300
4124899
4026599
2396395
3772653
2232559
3141872
3117306
2978047
3133705
2830613
2306338
2158893
2371889
3461427
2396476
2986305
2355522
2339142
2789705
3813717
3330390
4215136
3658083
2380137
3993967
3821942
2625923
3330439
3748235
4206988
3436943
2871698
3862936
2978206
3133871
4100529
2671347
3666362
3707327
3281347
2191820
2388432
2970068
3609052
3969509
3846648
4043259
3011073
3895816
2773513
3076618
2273807
3346962
2527763
2372118
2175748
2167322
3027483
3297821
3093024
3576359
4157995
2609712
2273851
2486851
4076104
2314831
2437720
3232346
2716251
2331232
2162107
3109476
3666536
2953833
2585198
2978420
3404406
2413176
2953855
3519105
4239198
2790022
2642572
2839181
3437203
2552471
3109533
3510944
2604959
3486387
3084982
4027063
4223677
3560129
2806466
3609286
3912394
2847452
3961571
3134181
3298025
3912426
3546578
3560174
3486447
4190970
3560192
2470660
2242690
2528016
3101459
3830550
4281117
3715870
2536223
3412769
2216738
4076323
3011373
3887923
2526687
2437954
2544451
2650949
2577226
2200396
4092752
3498808
2986834
2249563
2658158
2560878
4273015
3625848
3093378
3953547
2691906
3904399
3310403
3765147
2364316
4076451
3445671
3101613
3167151
3371962
3868831
3265468
3273663
3314629
2249670
3945417
3658701
3765200
3085275
3134428
3003365
2274278
3036138
3625810
2692078
3429362
2454521
2446330
3044347
4084733
2774017
3888132
2216965
4150279
3355673
3085346
4019243
2708534
4084793
3994686
2937919
3585092
3863622
3691597
3929174
3724386
2806890
3282036
2143353
3159166
3200133
3282059
3847313
3765395
3224728
4027547
3609759
2389153
2266317
4101336
2503898
4049103
3842939
2184422
2528487
2454763
2446574
2725103
3716340
4150519
3273976
2569470
2503937
4273416
2602251
2331919
3798288
3618065
2479386
2487580
2348322
2348326
3585322
2864427
2807084
2200883
4175160
2914527
2995519
2430285
2635092
3881188
3650906
2569576
3741035
2200948
3380607
4273547
3036559
2848144
3110290
2184595
3929495
2184607
3904934
2470812
2577834
3626416
3814834
4249014
4216254
3405253
2364870
2569674
3421650
2528725
2921955
3372517
3110388
2856438
3495422
4281855
2151939
2438660
4019723
3544593
3873027
3905046
2184728
2184730
3610141
4208163
3972700
3754247
2651693
3380799
2586178
2618948
3995206
2905671
2717259
2823770
3692126
3364451
3536486
2381423
3307128
3552893
2643586
4118150
3838242
3430033
3372696
2250394
2389659
2487978
2823852
2741935
3462841
3819807
2643645
2714380
3413706
3962571
3126990
2757581
3552992
2840295
2520808
2774767
2242291
2529017
3274493
4214400
3774214
2840349
3946283
3667760
3561266
3841521
3823413
3389240
3793888
3243659
4195297
4265807
3413841
2831334
4093807
2496368
2848630
3530388
4183936
3053441
3643281
2962414
3307432
2267049
3504049
2283447
3667898
2373563
3413950
2627519
3372993
2832324
2258889
2791378
3479507
2394446
3270993
3618800
2586609
3414004
3201021
2824196
2643982
2512924
2570273
3176484
4208690
2538993
2570292
3938359
2857023
4053056
2480195
2537541
3684422
3946582
3758171
3659869
3242085
4069478
3299434
4222063
3324019
2537588
3045494
2775167
4112064
2144386
3790981
3102878
3971233
3856555
3881136
3635380
3512511
4020419
2840777
3570039
2797869
2824415
3340516
2226405
2144498
3250425
2169082
3291395
3774738
3815699
2210068
3750178
3479843
3782956
3438895
2234681
3613749
4094273
4118859
2933816
2816345
3185003
4091624
2652535
2193784
3193236
3266939
3717503
3820264
3045775
2169234
3717524
3406229
3455384
2144666
3824030
3807647
3791271
3357096
2406837
2972063
2759107
2210247
3070415
4069845
2431446
3357159
2505193
3709352
4209145
2243068
2365957
4000173
2357776
3652117
3922457
3512859
2996765
2742819
3086884
4274726
4147635
3373635
4037189
2939464
2555378
3824211
3037787
3373671
3180988
2824810
3299956
2914942
3144319
2226818
2906769
3832469
2620054
2521758
3750559
3824289
2751151
2366141
2988734
3816128
4192969
3968803
2988757
3898071
2177757
4005669
2669297
2267891
3996406
2579194
3914495
2325248
3414794
3832593
3013398
2233477
2800428
4107518
4217658
3488573
2464577
2612041
2366285
3889999
3652434
2513751
3808103
3685228
3488622
3308399
4217714
2259828
3906422
2898810
3881863
2792332
3554190
2765976
4217760
4103076
4159985
4062129
3513267
4119476
3578808
2454687
3873726
2456514
4094923
2776016
3357650
2513878
3849177
3636190
4275171
3283942
3365868
2571248
2161669
3603463
2350091
3259407
3111954
4090372
3750938
3800093
3103775
2317357
3988526
2366517
3669050
4022111
4029500
2759742
3071042
3062851
3095620
3046473
3488845
2890833
2464850
2989143
4013145
3357802
3636335
2743409
4155923
4037762
3636356
3497095
2456712
2882698
2374795
2833553
2686100
2571413
2350234
4241947
2162545
3857577
4029611
3824815
3038384
3742897
3882167
2710715
2612413
3570878
2654146
3472577
3529927
2989266
3349719
4046048
2153698
2731900
2751727
2620659
3882229
3808504
3857660
3251480
2456858
3415324
3153184
2252065
2358562
3966171
2899242
2374962
3349811
3063092
2456900
4124557
3702097
3734868
4275551
3177824
2399585
2162024
3882345
3325293
2555249
3546491
3689025
2530696
3767692
3292563
4038040
2186650
3919771
3489192
3087789
3906993
2538931
2187166
3866040
3734971
3644862
3784128
2416069
2899402
3235282
2211287
3948001
2489832
2833899
2145777
2948594
3840595
3448309
2153975
2194941
3489296
2965009
2784787
3161630
2686495
2883108
3792421
2997800
3857979
4128318
2604607
2620993
2891336
3546703
2711123
4259212
3047004
2473565
3071589
3587694
3120759
3620477
3030654
3931777
3350148
3139714
2344215
2686604
2940866
2506385
3391124
3522197
2498208
2793152
2186945
3702469
3055306
3374796
2162637
2350800
2948819
3563235
2391788
2834165
3251959
3432193
3833607
2480770
2834192
3497746
3768091
4071198
3866405
3252010
3309372
3096383
2682849
3522382
2727759
4194132
2531157
3776344
3432287
3590800
3252070
3906193
3219304
3817329
3391346
2613109
3465085
2506622
2375552
3571586
3923843
2490247
2858888
4194191
4210578
2686874
2146203
2973596
3825566
2736031
2219943
3005087
3907522
2219977
2817997
2629582
3604439
3989467
3579871
3932133
3842022
2990057
3186673
4169719
2564088
2815316
4235260
