13357056
13195267
13187079
14104585
13944156
13948939
14174220
13717520
13346838
13580311
13651992
13654042
13953051
13000734
13029040
13473826
13418531
13260837
14145574
13945521
13487452
13494314
13527083
13643560
13396016
13719219
13633593
14174267
13447229
13056065
12937282
12894275
13476534
13150278
13412423
13951050
13600843
14185922
14141519
13889616
13869137
12890194
13961302
13543512
13872484
13228122
13633628
13895773
13369440
13121635
13111397
14075854
14126780
13447275
14047340
14233710
13224047
12918896
13975675
14124810
13170805
13502585
13305978
13652091
13992062
13879427
13265028
14155909
13357197
13442318
13191315
13404308
13602965
13088919
13613208
12970138
13877403
12909594
13957400
13189279
13041824
13756582
14055602
14006446
14106408
13461680
13469384
13068466
13989930
13682875
13611197
13699265
13553858
13242564
13324486
13565985
13495376
13785289
13136074
13799627
13748941
13119696
12964051
12941524
13105365
13336790
13553880
13461724
13297885
13261022
13551839
13086950
13258983
13930056
13082858
13470418
13213937
13715699
14123255
13805816
13947130
12925181
14219518
13859071
13758721
14176514
13611267
13183237
13615489
14159740
13209866
13464279
13486348
13801741
13299982
13381903
13474064
13326609
12902674
13351188
13349142
13254936
13201689
14172443
13291808
13865008
13130018
14178596
13447463
13121832
13005097
13893932
13920989
13121843
12923188
14055735
13179193
13367612
13095229
13324610
13259076
13314373
14094662
12890439
13168968
13854877
14078690
12886350
13414735
13938648
14074936
13764948
13879637
13889879
13044059
13330781
13646176
13537635
14131557
13004177
14010728
13521258
13910379
14158191
14212779
14035314
13803893
13607287
13195641
13105530
13087100
14092669
13269377
14227521
13099400
12894601
13629835
13023628
13760732
13101461
14253465
14232644
13495042
13969820
13275549
14166432
13838754
13728166
13990311
13173160
12884394
13902919
14126125
13418909
13881776
13011377
13941315
13781427
13183412
13955509
13627832
14206367
14096828
14123082
13324734
13382080
14246304
13019586
14096835
12943812
12906949
14036385
13228490
13545207
13874075
13713870
13441487
13125368
12898771
13435349
13742550
13725433
14055896
13197785
13968731
13437403
13212125
13478369
13117923
13201894
13482748
13570542
13657896
13801969
12997108
14189956
14115321
14238204
13640190
13435391
13357568
13312513
13666818
13564420
13740549
13890054
13662977
13675017
13666826
13142541
14051795
13982808
13687314
13634068
13302293
13658646
13730905
14103064
13230621
14282492
13384224
13996577
14080847
13556259
14201380
14057797
13642161
13820456
13834332
13437483
14008877
13844431
13527601
13883954
14072243
13728862
13773368
14195258
14130271
13060669
12859966
13351487
12878400
13724225
13369099
13240900
13650506
13412941
13666896
13800018
14223501
13515349
13777495
14021208
14004827
13034078
13767265
13496932
12937830
13752935
13822568
14033373
13956882
14254612
13656688
12870258
12892787
14161684
13881978
13950399
14269054
14125695
14068352
13771393
14227784
13009546
13841037
12982926
13654672
12972689
13304466
14111379
13062807
13030852
14129818
14109425
13820574
13019807
13555824
13406883
13324965
13898865
13759147
13609647
13759152
12882609
14071509
13662899
13042358
13753015
13077176
14146676
13218490
13740831
12890570
13771454
13808319
12880672
13827301
14074564
13961927
14092173
13572898
13228752
13159121
13339346
13889496
13273815
14176751
14084559
13680762
14114867
14066402
13394659
13505254
14068177
14202992
14097131
14161461
13265647
13480744
13728498
13105907
13009652
13114863
13394680
14168825
13103866
12897020
12942078
13754837
13490945
13476610
14079627
13920726
13912839
14181164
13417944
13435667
14195174
13329173
13234966
13404951
12876570
13853469
13679390
13700229
12923680
13626145
13114146
12876579
13927204
13667109
12886822
13562663
13329192
13663017
12919594
14199595
14033708
13667117
13198127
13917320
14018726
13400887
13323067
13835069
13841214
14056257
13011778
13701956
13290309
14084577
14195852
13534027
14031692
12946253
14133845
13512845
12946257
13605347
13058901
13437782
13554521
13754746
14060808
14187362
13443939
13680072
13138789
13707068
12895082
14213995
13337452
13638509
13641951
14189373
13563799
13136757
13259638
14269300
14274708
13859291
12911487
14232448
13183873
13927302
12934027
14085005
13935502
14103471
12864401
14023572
13589397
14005401
14107460
12876698
12880795
14015388
13882009
13153183
13634465
13392803
14076837
13941233
14050216
13241257
13958058
14044999
13646764
13581229
13316253
13663152
14191610
13130675
13941684
13079885
13314999
13729994
14205882
12886972
13392829
13988800
14093249
13052867
12893124
13030341
12895174
14032243
13801686
13771722
13485009
14117843
13476821
12968920
14257113
13894619
14070748
13577181
13915105
13366243
13734885
13028326
14197735
14167023
13186037
13210550
13689848
13200378
13765629
12955635
14240769
12893188
13845179
13804551
13296650
13911051
13832706
13413392
13498821
13761554
13941780
13900821
13986649
13677592
12923930
14216221
13728798
13812767
12975138
14125574
14036006
13343783
13691945
13259821
13444144
14103601
13954104
13497402
12871519
13521980
13012032
13944883
14027842
13956164
13347910
12938311
12889160
13974601
13964363
13722701
12864592
13526100
13698233
12954712
13497433
14210561
14163036
13470813
13016158
13099877
13601888
13479014
14201361
13184105
14070890
13259883
13927536
13145201
14160451
14003315
13970548
13667446
13653111
13540472
14044281
13905020
12936318
14223893
13696133
14261382
14243009
13880456
12940425
13468810
13964427
14024197
13898893
12885134
13413527
13462680
13632665
13567132
13816994
13245603
13264036
13342918
13624486
13910215
13351453
13690032
12979377
13100213
12993718
13865161
13366457
13013194
13243582
13476725
14230720
13679136
14255382
13909188
13945718
14097607
13943660
14235944
14217079
13935820
13272269
13801336
13669586
13955619
14068949
12909782
13346011
13810909
13339870
13475039
13536485
12949372
13409514
14275111
13518666
13708525
14052591
14017776
13571313
13311218
13761779
14212342
13217015
12994772
13959039
13747452
13589757
12961022
12985599
13436160
13327037
13055234
13350102
13577089
12948744
14028042
13383554
13047054
12883216
14217091
12893460
13384981
13914677
13989146
14276321
13663105
14132102
13128998
14044455
13415720
13421865
13417770
13462828
14080562
14279876
13745455
13886768
13611210
13073722
13596895
14100241
13602109
12956991
13208896
12926276
13966664
13531020
14082647
12858699
12930381
13428046
14016397
13575507
13251924
13942102
13567323
12995932
13786341
13149536
12930404
13268325
13752893
13821296
14030195
13690230
14097641
14261625
14120429
13134058
13944190
12908320
13038977
14003586
13059460
14155670
13546890
13452683
13743500
12998029
12914065
13918787
13397397
13933974
14179736
13534617
13301148
13383070
14122565
13632928
13254049
13271963
12883364
13045159
13268392
14192042
14060971
13479343
12973488
13782600
14265786
13569951
14179772
14194109
13995906
13200831
14188059
12901826
13286852
14214598
14214599
13510088
13802953
13579723
14156098
14119477
13303247
14015952
13776338
13501907
14249550
13243864
14128601
14152434
13698295
13000158
13080032
14022113
14013923
12948964
14253919
14177768
13764247
13817325
13200879
12910064
13534709
13196790
14136825
13510139
14190743
13938173
13272575
14044416
12881835
13549061
13803015
14079497
13449457
13600002
12949007
14054928
14011992
14196063
13674003
14204436
13760024
13461017
14086181
13479452
14222878
13555231
12899873
14102051
12883492
13436455
13694215
13145645
12998192
13980936
14005810
13644723
13755956
13056606
13801016
13616698
13891132
13059646
12971583
13913664
13291074
13746443
12875333
13411912
13975114
13923255
13332044
13971042
14054411
14214735
13319761
13026900
13391445
13147736
13479524
13942363
12920413
13801055
13364834
13186660
13659750
13252200
13014633
13018732
13420818
13395567
13719152
14189124
14175858
13502068
13012598
14102121
14155386
13104764
13035136
13096577
13977221
13444742
12869256
12963465
13455835
14118541
13241999
13613336
12996242
13474012
13731866
13870742
13248151
13207192
13409946
14167322
13711006
13676192
13424289
13221538
13141668
14269382
13907622
13653672
13647529
13964970
13022891
14265970
13012656
13088433
13430451
13561524
13917878
14175928
13248185
14134971
13358780
13655741
13457088
13797664
13149890
13199046
13990177
12926664
13078224
14118609
13379285
13289562
13096665
13557711
13407964
12881629
14108383
13289184
13180880
13717987
14279197
14048179
13149933
13381360
13981425
13573874
13893364
14218062
13263145
12982008
13395924
14006011
13264636
13600509
14163710
13539073
12936965
14047873
13342472
13608713
13846282
12928779
13764368
13252369
13629775
13473555
13872916
13094678
13852440
14267643
13952797
14087966
12916512
13362977
13846306
13793059
13043493
14071591
13563688
13485865
13131562
14278287
13362990
13430575
13776533
13844273
13918002
13400371
13666101
12922684
13088575
13901632
13451074
13840195
13991748
13373253
12988231
13053769
13387594
12961611
13403983
13256530
13332308
13359758
13645655
13945830
12869467
13248351
14273749
14127559
13530086
13582184
13141866
13096812
13741936
13293425
13709170
13475699
13117302
14192503
13365112
12904314
13180796
14268285
13651839
12889986
13074307
12867460
13426566
13150088
13559447
13373324
12957581
13758104
13182869
13950870
13447063
13755464
14006169
14225306
14224061
13954972
13414301
13383582
13406533
12955552
13557668
13868970
13051819
13246381
14069680
13883720
14179006
13060083
12894132
14229430
14282057
14179983
14173514
13260735
13017026
12920771
13676485
13207497
13262794
13808631
13782989
13973454
13262799
13236176
13408210
13199316
13807950
12961752
13768665
12949467
13954042
13953701
13473760
13770722
13782404
14279335
13819885
13080558
13248499
13135865
12965883
14237694
