5087232
4917249
4308995
5117400
5579630
4870152
4440748
5424033
5711883
5105677
5695502
4988943
5482661
5424472
4694035
5459988
5640642
5511190
5524825
4524059
4659229
5173278
5287967
5210144
4356129
4890660
4296741
4290598
5001255
5130281
5675050
4390955
4905004
4417581
4870190
4864047
5613616
5054472
4790322
4597811
4880436
5069150
4759608
4474937
5693925
4859827
5648446
4393653
4841537
5361730
5517382
4722760
4718665
5011530
4585547
5566818
5591293
4735057
5421140
4737110
5533783
4743759
4632667
4362332
4924273
5304416
4448356
4466789
4329575
5244179
5547708
5695594
4883815
4427885
4614254
4921704
5253234
4808723
4980853
5316969
4817016
4968570
5221738
4333694
4763328
4831362
4808835
4644996
4425863
4669576
5677193
4610186
5596206
5349516
4812941
5283982
5157007
4788370
5281940
5628270
4571286
4485273
4761754
5165211
4978846
4477087
4579488
4659361
4292770
5554203
5010118
5605542
4678001
5056681
5443755
4985004
5064895
5533870
4672634
4591799
5013688
5487647
4554940
4350143
4624579
4591814
4857889
5663790
5433548
4890829
5587151
4520145
5015762
5685459
5417174
5398748
5097699
4491493
4872422
5177575
5575955
4860137
5155050
5278895
4943509
5189873
5449974
4977705
5132538
5032187
5644540
5574909
5136639
4630784
4706561
5261915
4945963
5153562
4800774
4618504
4317449
4454667
4593933
5425426
5623898
5335317
5024473
5186355
5638426
4327707
4761884
5351709
5476323
4548897
5179683
4530468
5666930
4935974
5130541
5468481
5054767
4747568
4313393
5247283
4321589
5460020
4567356
5527869
4675905
4299075
4659524
5263685
4948294
5701959
4342088
4751692
5222734
5251407
5667152
5493074
5531987
4595086
5456214
5117327
4747614
5574353
4772194
4374885
4610406
4491624
4611132
4837738
5501291
5553409
5138798
4641137
4538738
5583221
5422656
4917629
4589955
4800901
5556615
5327240
4739465
5175076
5495186
5202323
5243053
5473122
4741534
4575649
4479394
4311459
5061029
5050791
4882857
4600234
5681965
5104576
5449868
4938163
5572893
5186292
5527659
4594420
4424124
4303294
5303029
4995521
4862402
4655555
5048772
5181894
5149089
4882889
5351882
5362423
4340172
4934093
4563407
5642704
5373688
5619107
5052888
4372955
4497886
5613989
5120481
4356579
4544997
5298257
4506090
5024236
4514285
5351953
4786672
5071347
5575422
4807158
4801015
5661780
4471296
5506028
5024261
5085297
5003784
5011977
4592138
4514316
5166450
5196205
4569617
5625603
4350484
5327382
4639261
4764190
4448799
4830299
5397031
4912695
4489770
5622535
5532205
5077524
5667376
5581235
4488286
5108278
4868665
5153338
4555324
4819518
4870720
5642817
4829762
5442117
4913735
5291691
5268046
4350543
5090744
5136978
5253717
5466710
5663413
4919899
5123442
4943973
5533456
5089890
4340324
5001830
5026407
4422248
4858300
4602475
5646956
4534893
5171822
4883055
4488979
5599860
5272181
5665441
5295207
4409981
4817534
4904725
5388930
5393027
4336260
4481670
5024391
5614216
5431945
5221004
4641421
5663374
5264017
5145235
4616853
4414103
5155407
4715164
5010077
4405919
5268592
5356998
5417638
4952177
5406572
4944555
4661932
4565677
4899502
5588765
5667529
4567731
4471477
5251529
4313785
4451003
5014206
5122165
5595841
4489923
5202628
4367045
4330182
5235399
4354508
4768458
5359735
5340962
4823760
4655827
4999892
4375253
4582102
4537048
4977369
4954842
5546892
4525178
4804611
5329581
4969186
4651747
5657041
5417690
5461949
5450475
5276457
4750396
4397808
4440820
5125246
4455158
4612855
4328184
5591801
5702395
4674301
5138935
4969216
5102337
5333762
4422403
4877061
5335815
5264136
4305679
4494097
5632788
5626645
5247766
4833412
4791066
4911902
4928287
4955611
4983588
5485361
4496169
5667626
5489452
5059373
5249838
4911919
4679816
4833075
5131060
5276126
4606774
5590633
5473080
5294054
5148127
4422462
5544767
4377410
5184310
5599713
4688712
5413004
5696331
4584270
5523911
5288788
5426005
5465195
5683897
4815709
5026655
4508514
4383589
4801384
5014378
5601767
5677202
5458798
4873071
4887408
4889457
4483902
4481912
4998011
5602172
5614058
5401471
5624705
4303746
5651197
5602181
4932486
5227399
5652972
4838282
5073803
4881292
4774797
4533134
4594575
4414352
5388099
5114772
4793238
4870297
5266328
4631451
5268957
5303197
5401502
5647264
5298672
5282722
5618843
4582316
5262253
4291503
4877232
5606053
5647282
4524979
5487541
5065654
4574135
4580280
5276602
4944828
4547517
5210587
5372573
4387776
5571522
5063619
4719556
5489142
4938694
5172167
5006281
4848586
4901017
4950988
5101730
5510094
4295631
5646104
4627412
4809685
5086168
4842457
5303260
5026528
4701150
5165221
5512046
5225441
4484068
4901861
4465638
4434921
4467692
4594669
5213168
4428785
4946933
4606967
5420024
5704698
4639744
4936875
4813829
5386412
4905996
5649421
4920335
4290392
4537363
5254917
5481493
4852759
5254171
5018653
5432350
4924654
5121056
4662305
5200930
4604963
4447268
5420069
5692450
4996136
4359209
5678208
5440007
4684846
4944943
4713523
4553781
5417823
4406332
5536771
5033824
5376952
4322371
5110852
5057605
5635142
5541729
5006409
5000822
4586575
5426256
4508753
4363347
5184596
5304361
4639830
4541531
5323719
4312158
5080161
4557922
4697189
5130769
4790985
5213291
4346990
4889712
4951154
4711540
5147765
4575764
4291706
4828351
5252220
5030762
5057662
4453503
5479552
4619393
4872043
4486276
5634582
5308268
4289676
4629645
5690510
5481617
5002386
5100691
4824213
5458690
5483375
4469916
5158493
4510879
4990114
5504539
5254990
5062854
5446822
4918439
5643432
4830379
4929053
4551856
5289139
5612063
5108922
5143739
4965566
4433087
4517057
4936899
5525141
4938952
4771017
4818122
5121229
4705486
5485775
5713104
5055699
5326036
5031118
5375190
4631769
4531420
5643486
4359393
4347109
5623016
4816105
4310250
5407205
5618924
5610733
4353262
4523249
5588211
5704950
5670982
4347130
5645183
5383420
5180670
5686485
4424961
4320514
4748547
5453062
5133577
4742410
5469452
4482319
4476177
4758803
5014805
5184792
4802095
5680415
4738338
4361507
4666660
5575241
5430568
5633071
5240107
4601134
5246255
5369136
4513073
4656435
4861236
5644156
5373238
4904247
5053753
4457787
4920496
4607296
5676353
4433218
5106571
4306244
5387590
5242185
4398410
4619831
5342541
4451664
4869457
5346416
5242923
5375809
4783448
4689241
5292943
4642140
5326174
4359519
4441440
5041506
5282022
5074278
4719975
5169724
4357482
5417575
5453164
5322094
4457841
4531570
5126718
5563766
5532905
4695416
5668218
5262715
4578684
5143934
5382720
4859266
4410756
5666182
4812167
5629320
4629898
5160331
5126449
4380046
4619663
5647764
4762862
4707734
5459352
5025181
4898207
5615856
5491611
5177636
5013324
4433322
4652459
5564607
5420468
4568501
5082697
5017016
4832697
5207885
4885949
5620187
5090751
4574657
4781506
5713348
5713142
4920774
5281223
4552136
5094860
4976077
4296142
4550096
4470225
5066197
4453838
4711899
4889850
4986789
5402080
5367265
5107170
5367718
4947430
5433937
5180905
4806123
5108244
4290031
5195006
4634103
5539320
5291514
5295611
5463550
5330432
4953686
5389830
5059841
4619788
4771341
5209614
5254676
4584981
4994582
5154328
5602842
5463579
4750877
5418827
4501023
5059504
4984355
4992548
5495046
5017126
4621863
4486697
5303854
4355677
5215793
4724275
4294199
5582392
5645829
5557514
5129792
4468289
5208331
4980779
4714057
4868083
5204920
5512803
5516905
4505174
5409380
5410395
4476509
4374110
5004901
5246907
4406885
5234278
4863591
5245884
4767339
4408940
4347501
4695663
4945520
5246577
4339315
4796020
4897524
4494966
4511351
4589176
4603515
4836988
4429437
5658238
5485845
5125760
4570753
5244551
5588551
4779660
4558477
5616260
5127824
5156499
4691604
4722325
4904598
5119641
5694063
5531589
5013154
4632227
4353700
4880038
4486823
5281449
4480682
4445867
5527215
5637808
5199816
4411059
5443252
5587913
5328659
5215860
5674683
5117628
4396733
5205621
4531904
5152450
4466372
4853366
5023430
4733217
4511433
4929226
5328503
4363980
5190946
5170894
5374925
5454958
4677333
4675286
5433047
5236440
5012772
4329179
4935388
4669149
5187295
5291744
4779745
4576891
5574375
4585192
5123818
5705919
5397852
4730608
5707506
4628212
4986613
5332727
5358940
5418543
5277434
5380735
5404285
5474051
4542212
4456197
5480198
4386568
5558025
5454822
5486349
5693199
5462746
4646675
5213972
4896533
5666800
5381912
4699929
5209882
5093148
5398301
5469375
4736800
5187888
5291810
4984612
5517121
4843302
4962609
4859692
5367600
4331315
5707575
5127994
4388831
5595018
4921151
5297984
5021505
5404482
5338947
4321093
5627718
4953927
4450123
4400972
4540237
5097294
4638349
4777809
4878162
5252947
4480852
4638552
4564830
5455845
4894560
5195408
4786020
5183333
5295975
5226812
4607850
4327275
4970348
4570989
5465405
5627765
4872054
5459833
5604585
5477900
4345725
4802431
4661126
4929857
4528009
5522137
4913042
4431763
5283734
5370675
5134234
4427676
5322529
5441439
5439472
4403106
4634532
4294565
4683686
5555185
5603244
5604478
5316527
5386568
4554675
5316799
5638074
5191611
5317519
5241836
5169090
5003205
4788166
5212103
4693960
4585418
5634163
4440015
4861907
4464607
5098832
4937699
5064676
5254822
4804582
5328871
4386795
5224428
5324781
5281775
4694000
4290547
5054452
4351989
4919289
4542458
5687106
4853758
4433919
