27449344
28080129
27592707
27949060
27484165
28049415
28394825
28154540
27289615
27471888
27941208
27443219
28411924
27281434
27637788
27674653
28270622
27205663
27762723
27875364
27449382
28400305
28463145
27516970
27838507
27174957
28100957
28086917
28391547
27164725
28368950
28073049
27330617
27170875
27654207
28168256
28066144
28487226
28493893
28218721
27228235
27215948
27648078
27357264
27375699
28181518
27385943
27465816
28259343
28106844
27783265
27502690
27609192
28548796
28316007
28186301
28494348
27832436
27426933
27148407
27762240
27160699
28254332
28336652
28216341
27324544
27254913
27310210
28065131
28289158
27818119
27680909
27969678
28536173
28082321
27181202
28373001
28174279
27897199
28031132
28548805
28220857
28570837
27564197
27713702
28084391
27971752
27326633
28424362
28219564
28016814
27431095
28448952
27496633
27429050
27158717
27345086
28554553
27910336
27527361
27991789
27924676
28367888
27375820
27857101
27637968
27590865
28336339
27824340
28338428
28373206
27545816
28096729
27285724
28029150
27885792
28418233
27488484
27996198
27547878
27562215
27592936
27171049
27984357
28567789
28066031
27693297
28542582
28170483
28551415
27484412
27697194
28037374
27402495
28461315
27959558
27549959
27406602
27726715
28343312
28555650
27616301
28410129
28559635
28059927
27908380
27502877
28418334
27148575
28569888
27179298
28251647
27986213
27743492
28190719
28205353
27572522
28215595
27566385
27603250
28331742
28477751
27271482
28571248
28117308
27298109
27693374
27312447
28299585
27711810
27468099
28176709
28248461
27882892
28528970
28542838
27197772
27232591
28224750
28102995
28035414
27717976
28565850
28414351
27998557
27282149
28053856
27904353
27758946
28262755
27545959
27484526
27447665
27267443
28436854
27857271
28174714
28426303
28304063
27150719
27560322
27867525
27636102
28144622
27640203
27410829
28397269
27461357
28326159
28379488
27183507
28045038
28078489
27511192
27855257
27881883
27576732
27216285
28496286
27365791
27842977
27341220
27869605
27857319
27666857
27546026
28491324
27181484
28393904
27247026
28021053
27474362
27826622
28187072
27519426
27667531
27486660
27726277
27658694
28046637
27937224
28215753
27398602
28356927
27429325
27376078
28131791
27550160
27748088
28482002
28400083
28426708
27232725
28051926
28141965
28334553
27929050
28225534
28297693
27621854
27167202
27199971
27533796
27921830
28377104
27857385
28396010
28076524
28068946
28353006
27977469
28086591
27461715
27830772
27400693
27671033
27271674
28473852
27721130
28307968
27494913
28389894
27597319
28060168
28434034
27183626
27738635
27689484
28475914
27425294
28041743
27734544
27549784
28377619
27566613
28520982
27539991
28138010
27413019
27245084
27609630
28334624
28183073
27376164
28322345
28494635
27703847
27324969
28348970
28017195
27689519
28561968
27976242
27392564
27537973
27902518
27920137
28417415
27871807
27155008
28530479
27701826
27673155
28426822
27895905
28140104
28043849
27187786
27454027
28183116
27646545
27312725
28525142
27918935
27908696
27157081
28445455
28473948
27193786
28005851
28509203
28324449
27331172
27454054
27570792
27984489
27433578
27388524
27189869
28050030
27429487
27746928
28426867
28074613
27587192
27626105
27978364
28170337
28489493
28568194
27458181
28371592
27832973
28228241
27710098
28445331
28224148
27809313
28148505
28131992
27454106
27843695
27902620
28138143
27402913
27960094
27585700
27821316
27341479
27474600
27581097
27830956
28099247
28310192
27910833
27751091
27540148
27660981
28387785
28501568
28087075
28340923
28224629
27232960
28355265
27314884
27591367
28374603
28408268
27290315
28367564
27985698
27552462
28525688
27779795
28216020
27840974
27634390
28263127
28056280
28289753
28399344
28429023
27617744
28246754
27323107
27214564
27243237
28447464
28325671
27593454
28035823
28004136
27296498
27407091
28453324
27398901
28559059
28005503
27417342
27973760
27179778
27534083
28228365
28150542
28437293
28240657
28152595
27513620
28236972
27503385
27631407
27706142
27355937
27677475
28301446
27797520
28177191
28546210
28264583
28384044
27424562
28502830
27282226
28133854
28402771
27600351
28169020
27384638
27337535
27913024
27390785
27905611
28558817
27673416
27407178
28310351
28140750
28531537
27153234
27822932
27873081
27990872
27880283
27513695
27736929
27595618
28063485
27269988
27960806
27222888
27175786
27493227
27831148
27478893
27487087
27265906
28445843
27931508
27941750
27982313
27177791
27534205
28183423
28109696
28199809
28429186
28489095
27921291
27609996
28357205
28474938
27489173
27429782
28514009
27650969
28406682
28094959
27999383
27354019
27472805
27507622
27304874
27519918
27513775
27405232
28101553
27839410
27963891
28105655
27349944
27614139
27599804
28072894
27324917
27538368
27792321
27331522
28234389
27780037
27657159
28152293
27988940
27280333
28324814
27581391
27873973
28071900
27579347
27560917
27270103
27360217
27171803
28195805
27986085
27325409
27823074
28526333
27349988
27511781
28238651
28431338
27597803
28378092
28556269
28032597
28261359
27476977
28552320
27350005
27849492
27519991
28222456
28255225
28306426
28068245
27841837
28566528
28122115
28322820
27419653
28525584
28316679
27294729
27401226
28281867
27706380
27511822
27526317
28212240
28277777
27456530
28445715
28151982
27726871
27554991
27715077
28333205
28072425
27493412
27757608
27946026
28035591
27366445
28079966
27233335
27774010
28552224
28384778
28403552
28437109
27573315
28546117
28376856
28137600
27402423
28222540
28371810
28336916
28040274
27835174
27596985
27272281
28255155
27448411
27374684
27667549
28376158
28177503
28050532
27366504
28173417
27878506
28496267
27468911
27581553
28441714
27237493
28344169
27581560
28261498
28470396
27599997
27926037
27225216
27356289
28349570
27452548
27288709
27962561
28490890
28071052
28083342
27288429
28145398
27473043
27464853
28531862
27700375
28327108
27978907
28512794
27927713
28050594
27356324
28501160
28425386
27780267
28011692
27145389
27456687
28558513
28411118
27655352
27366585
28052667
27483324
27356704
27190466
28464323
28105924
27817157
27313351
28052652
28302537
28417229
27811022
28486864
27204820
27671765
28007640
27755737
28138583
27870427
28365195
28021080
27561186
27550947
27655396
27811047
27700457
27677930
27712748
28056813
27696366
27597693
27436272
27153649
27260148
28262953
27649275
27514933
28527870
28436256
27706624
27368705
27595745
27184388
28552453
27174785
28542216
28321324
28470538
28002805
27723021
27886862
28470546
27587860
28446913
28566404
27663642
28189231
27634974
28269855
27854112
28044848
27348258
27297064
28417244
27157802
27178285
28370858
28306737
27614514
28333363
27333942
28003641
27348286
27731264
27417923
27759945
28294474
27526475
27788620
27366626
27649359
28268088
27288917
27917654
27350361
27639133
27196766
28025061
28284256
27356513
28527970
28429167
28253540
28044645
28480872
28388924
27583850
27667819
28122477
27835965
27951336
28395411
27858293
27745513
28048760
27563389
28548479
27725376
27645314
27817347
28549692
27344262
28167559
27921644
27731338
27866508
28443885
28345746
28525971
28015854
28222361
27604376
28348655
27667869
27934110
27585952
28253424
28474786
27350437
27760038
28165361
27905448
27205034
28069293
27205038
27364783
28093872
27739569
28246259
28419512
27954420
28526116
28026299
27612604
27851339
27344324
27780550
28050889
27620812
27512269
27878864
27393490
28111779
28202453
27717078
27803097
28224986
27614683
27342301
27174366
27514335
27780688
28481341
27465190
27842023
27821544
27252201
28294969
27573750
28167672
28255738
27223547
28265981
27738709
28346553
27880961
28505493
27549189
27538950
27891210
28297896
28242760
27489806
28141660
28265731
28055060
27698709
28503574
28431895
27649561
27772442
27469339
27268637
27260448
27188769
28163618
28472923
28383260
28165671
28182058
27926060
27945906
27753053
27670064
28014129
27911731
27264564
28334686
27164216
27893306
28216892
27747901
27770430
27854399
27143744
27500097
28505697
27741769
28210762
27842487
28511013
28294733
27481679
27639376
28202577
27315794
28083796
27176533
28182103
27493976
28172559
28139101
28202590
28197924
28339809
28137059
28136417
28495461
28307046
27625064
27713129
27403882
28192364
27704942
28424910
28315248
27539057
27887218
28460990
28032414
28059215
28134844
27600508
27992682
27678336
28408768
27348610
28079749
28135048
27227788
27964354
28267417
27563667
27250324
28128878
27960982
27215512
27459225
28083866
28568175
27958554
27971230
27268768
27492001
28441883
27928228
27805350
27328170
27815595
28188274
28375099
27641522
28051125
27643574
28417719
27575993
28352188
28157629
27379391
27498177
27983555
27264708
27733701
27487942
27231944
28202702
28521466
27408082
27281107
27229909
27907800
28350169
28554972
27440861
27805406
28122847
27154147
28264164
27769126
27283181
27737838
27427932
27598582
27354872
28468985
27447034
27334395
27776764
27527466
28208768
27838211
28284676
28295422
27178759
28354575
27485961
28473101
27158286
27164431
27492112
28233492
28309269
27760046
27291416
28556912
27586334
27582239
28354336
27753325
28485648
27790189
27340584
27959260
28412572
28466989
27469615
27295538
28399415
27500344
27250489
27336508
27332413
27979174
28490559
27707204
27221829
27291463
28065611
28525538
27950926
28294992
27373393
27989847
27773924
28384652
28176178
27752286
27733989
27905888
28002145
28280654
27516776
28014441
28028779
28102509
27228014
27445565
28492811
27303794
28243200
27412340
28300606
28106142
28121827
27934586
27287871
28512125
28335998
27898282
27430785
27934494
27638763
27776903
28483467
28413705
28127554
28057486
27877263
28037045
27283779
27871125
28051350
28258199
27395992
27701147
28473245
28163999
27348896
28004257
28151715
28536741
27948966
27849713
28229545
28358570
27148203
28406704
28506029
28526510
28059567
27543871
28184500
27361205
27412407
28562032
27504571
27148221
27271102
28262517
27969472
28233035
27168708
27774625
27883464
28472608
27885515
27456845
27533267
27563989
28412309
27336668
27250653
28296957
27178981
27846630
28467182
27968800
28564399
28235761
27471858
28219731
27936757
28375031
27236347
28030974
27641855
