34091015
34101257
34512907
34414604
34041869
34019344
34359313
33927187
34463767
34082842
33910813
34392096
33828899
34408484
33945637
33974310
34537137
34064426
34095148
34193459
34386953
34453561
34523194
33841211
34265153
34080834
34396228
34031687
34252874
34398290
34498654
34435178
34316395
33849456
34333032
34435187
34056310
33994871
34377850
34220156
34316413
34007176
34297993
34201739
34128018
34023571
34461847
34566297
34228379
34568348
34578599
34273453
34285743
34137118
34404535
34261176
34135874
34007229
34148545
34173125
33929415
34537687
34257112
33833177
34050269
34367712
34285265
34359528
34140397
33839342
34527474
34527955
33939703
34361597
34003199
34447616
34199814
34175239
33972496
34220419
34232596
34459927
34083098
34132699
34443556
34267438
33870128
34061363
34001206
33945912
34202677
33898817
34525506
34466117
34386246
34017607
33997128
34449749
34558297
34001246
34003295
34236770
34228580
33921384
34044271
34046322
34390659
33849720
33831291
33870204
34204035
34421825
33831306
34118028
34587023
34482581
33900959
33892770
34204068
34364828
34484650
34453932
34097581
33878454
34439583
33896895
34447808
34451905
34508913
33970635
34124237
34525646
33858001
34445781
34359716
34310618
34191835
33933793
34259430
34058732
34301010
34363890
33976820
34585084
34118145
33974791
34384394
34099723
34568723
34396691
33890837
33972760
34069017
34075167
34546210
34071076
34445699
33989167
34406960
34589235
34535989
34521655
34556474
34388543
34175552
34369798
34347587
34259538
34062931
34014363
34234971
33960542
34126437
34099815
34241129
34091626
33829489
34316921
34216570
33960574
33847935
33888899
34126470
34032269
34028180
34522222
33974939
34142881
34210468
34255527
34017969
34518131
34446004
34456247
33946296
34083520
34527938
34173637
34396871
34136776
34337911
34525900
34020048
34364113
34130642
33911507
34056918
33987288
34499289
34134747
34341596
34284257
33891042
34304741
34071271
34147048
34218734
34421490
34585331
34165501
34517758
34436224
33989384
33903370
34546445
34362840
34429715
34417428
33878805
33882902
33977112
33977119
33905443
34523941
34319836
34292526
34459101
33864496
33932089
33950523
34376508
34491199
34572825
33961441
33950537
33866575
33872723
33907541
34491223
34521944
34011993
34235226
34179934
33862497
34413423
34552688
33961449
34517892
34110345
34444439
34057101
33837967
34141077
34122646
34368414
34317215
34005922
33904795
34134949
34220966
34217457
34511802
34446267
34087868
34255809
34345927
34032586
33835981
33960911
33899473
34408271
34167772
34188262
34204650
34368493
34221046
34567161
34409642
34368510
34222933
34446339
34579461
34075655
34384905
34583566
33936399
34104338
33911827
34536469
33938454
33922223
34192218
34067486
34440224
34231331
33995812
33877033
33864747
34563116
33993779
34509876
34106421
34327607
34348093
34566101
34440256
33907777
33993797
34102342
34028619
34106445
34169938
33999958
34587735
34576876
34034779
34110557
33926240
34509929
34317422
33946737
34094195
33963127
34329720
33911930
34315389
34194560
33852545
34266245
34503814
34079880
34026643
33940629
34387095
34305176
33989787
34114726
34104490
34542763
34012335
34053296
34440369
34102453
34575547
33848508
34501821
34382299
33850559
34053313
34403522
33877187
34567368
34217162
33946831
34247894
34378968
34346201
34159834
34194651
33969372
34285434
33858782
34305247
33858791
33893615
33920243
34452735
34069761
34487558
34401544
34118930
34291929
34112794
34454812
34301214
34020639
34356512
34202914
34565415
34174248
33830189
34331952
34397489
34030898
34098057
33944888
34493755
34578314
34526526
34069823
34196803
34436422
34030921
33830221
34170194
34217299
34205014
34010455
33950694
34086236
34288990
34012515
33920361
34526573
33981808
34379121
34198905
33906042
34464481
34190716
34309504
34194822
34160011
33901964
34141582
34455789
34450834
34076053
34430363
33861020
34241954
34239907
34366884
33834407
34239928
34307515
34000316
34502080
34168257
34223556
34518476
33975202
34035152
34385364
34002389
33973720
34307546
33940956
33893853
34180577
34125283
34473372
34227685
34102761
34462631
34086385
33850867
33846772
34425428
34483706
33861115
34006524
34285058
34416134
34323713
34260491
34002448
34510364
34162205
34375600
33898020
33984037
34561969
34506292
34301498
34496096
34191978
34381384
34041420
34135637
34133593
34291293
34321687
34180705
33990250
34518637
33873518
34389615
34571892
34334326
34385530
34016891
33945212
34008701
34021000
34066059
34227853
34326159
34027154
34551444
34444910
34397846
34111127
33857178
34014886
33992361
34199213
34113199
33875633
33887936
34064068
33937097
33904334
33932237
34156241
33947349
34537176
34357221
34297564
34463453
34025188
34490091
33994365
34428659
34420470
34022015
34037717
34078467
34475780
34252553
34373392
33949457
34171523
34559109
34438935
34230042
34590495
33986341
34266919
34154283
33920812
34070320
34340830
34209591
34389819
34567998
33939266
34168643
33830725
34074440
33926991
33847125
34236251
34105181
34072415
33881952
34081766
34162535
34445161
34518890
34193259
34072210
34320241
34540862
34324342
34201466
34581141
33978243
34258826
34461580
33949582
34039701
34326425
34535323
34548037
34285554
34490274
34058907
33906605
34138032
34185544
34576068
33935287
33992642
34476705
34314185
34346957
34033614
34482127
34144213
34037718
34131934
34416607
34205664
34279394
34543587
34158246
33916904
33990635
34433006
34265439
34506741
33829887
