5740545
6907907
6967300
7034886
6062081
6514697
6395914
5838859
5724172
6299661
5785614
6526991
7015694
7116803
6944788
6416407
6066200
6375451
6262812
6492189
5819397
6238240
7024987
6404132
6688805
6190769
6493248
6821212
6658055
7122989
5795891
6523230
6950693
6617145
6479199
5791805
7076185
7016511
6549515
6190433
6074440
6813769
6860471
6985804
6225998
6975501
5718096
6127700
5882553
6798357
6840605
6744158
6604895
5818466
5945444
6203493
6819901
5767271
6555753
7124327
5982317
6971502
6385777
7045368
6406260
6772855
6320250
6345407
6703230
6042645
6463617
6877317
5828742
6834312
7056479
6213774
6905197
6645904
6203416
6400149
6447255
6316184
6645444
5939567
7112864
5947549
6633630
6912160
6508706
7043235
5726372
6261446
6072486
6292849
6476828
6043335
5802354
5871793
5904562
6609075
6273205
6557880
6152378
6015007
6037693
6492192
6043842
6858947
6324420
6396278
5734598
5886151
6260936
5935306
6289783
7139536
6173048
6144210
6109397
6043864
6734041
6154459
6861715
5953758
6772959
6332640
6519009
6537442
5808355
6113509
5777638
6148328
6318318
7008609
6129904
6359281
6105331
6281464
6852857
7036287
6611199
6711553
6545667
5925125
7024905
6885642
5882124
6648077
6131982
5751055
6201620
5925143
6813977
6172957
5974302
5757215
6205730
6129958
7040049
6590760
6118450
6041904
6666545
6654260
6148405
6906167
6009144
6900726
6373691
6619452
6627646
6295872
6832453
5753158
6866657
6641993
6418762
5824845
6836559
6693200
6592850
6867652
7071557
5833047
5794136
6954724
5779802
6533467
6949828
6396253
6056286
6891871
6704528
6586427
5923172
5922393
6183276
6546997
6064495
5716336
6009201
6015346
7084404
5800309
5982582
6201719
5843320
6214010
6222203
6668670
7062933
7040555
6474113
6461826
6996748
6609287
5783944
6588140
6381962
6070667
6398348
6602183
6732175
6037904
6055662
5847447
5947801
6834586
6496671
6259440
6029730
6351269
6087080
6545833
6648234
6967367
6917165
6720898
6889903
6937009
6013362
5886387
6642100
6734261
6517176
6462196
6754746
6316475
6056380
6332862
6355701
7107008
6027713
7056459
5984709
7132816
5796295
6386122
6945228
6500814
5714383
6631889
6691260
6482388
6860878
6944581
6238679
6615513
6089179
5857757
6138335
6296032
5955664
6043649
6380007
5743082
6552045
6478248
6889897
5837908
6001146
6783483
6238716
6111741
6982431
6126082
6740483
7082501
6904326
5726727
6554120
5765642
5943819
6308366
6160911
6857343
5755992
5722642
5767702
5751322
6343198
6697503
6314529
6683172
6978676
6218279
6603304
6416937
7066154
6776959
7012912
6721288
7139892
5855797
6358452
6612063
6945343
6062658
6320710
6603873
5892681
6896202
5903799
6902348
6849101
7008423
6994513
5778004
6636117
6853207
7062761
5966427
6333020
6438233
7116117
6939237
6897425
6486633
6783595
6996589
6845885
5737235
7108665
6091384
7055994
6601151
6472316
6058621
5716607
5823109
6173318
6625928
7010954
6279819
6189711
7017105
6425234
7070356
6021781
6609689
6322841
6906522
6390427
6339229
6136480
6044321
7137957
6687398
6694001
6691496
5942044
5719495
6785708
6794013
5825200
6732465
6818631
6283955
6892213
6400695
7139754
5866612
5849787
6159037
6109887
6795968
6855361
6358851
7046262
5987014
6938656
6578888
5993161
6185675
5870285
6218447
6448398
6542035
6815182
7026629
7060188
6167262
5778143
6935264
6529763
6202085
6709990
6823377
5726955
6204140
6398703
6238960
5808882
6921107
6361844
6323326
5868279
5828501
5739258
6047871
6824700
5802996
6417150
7055829
6017792
6985688
6052620
6187789
6296334
6726417
5995283
5847829
5835542
7078680
5983001
6875930
6797103
6003484
6630173
6540062
6368031
6001443
6515492
7039110
6017609
6716203
6465168
6839086
6726448
6769800
5755698
6535987
6243126
6286135
7032156
7076666
6780383
5921596
6329151
6601184
6959528
6802244
6470469
6599494
5868001
6556488
5728188
6540108
6759245
6918990
6705999
6851410
6986963
7136931
6690617
6640473
6996826
6456157
6929247
6378336
6126436
7119717
6251366
6428817
6234984
5999465
6882155
6374252
6163312
6093683
6499189
6849399
6435708
5739389
6017918
6830976
6643520
6136706
6177667
5903236
5718917
5954439
6822792
6007689
5849995
6484877
5995407
6560658
6054803
6955161
7116612
5847962
6939686
6503575
6613439
6400927
6269856
5972898
6776987
6744715
6493093
6540201
6510407
5811116
6869933
6532014
6978717
7027634
5798835
6454197
6714294
6613944
6581179
6670154
6343617
6775745
6304708
7137523
6550473
7058088
5841870
6181839
6810576
6044625
6834121
7091992
6159317
6613156
6771674
6216667
5897183
6095844
6865062
6210534
6722535
6420988
6968299
6876141
6085616
6589608
5882868
6335477
6757366
6539433
6298616
7078740
6174807
7024127
6659678
7138301
5957461
6519812
5725189
6695942
6929415
6420994
6962349
6870223
5921811
6923284
6024213
6933526
7103663
6212636
5729314
5717027
6485029
6641331
5903399
6394920
6906921
6009900
6396973
6894639
6020145
6001714
6772915
5758008
6458427
6724668
6152714
5932095
6274112
6593445
6659143
6745937
6843467
5809229
6261840
5772372
5747797
7046623
6903344
5819480
6032476
6361274
7038046
6583391
6497376
6542864
6952036
6892645
6589542
6795793
6933610
5758059
5801072
6360177
6222963
5903476
5848181
6837366
6093943
6216825
6663290
6278267
7033980
5917822
6214784
6569089
6851715
6722692
6177925
6540422
6376583
6024328
6683842
6081678
5776527
6458512
6765713
5848211
6171799
6937755
5884442
7017630
5948613
6710434
6346950
7056550
6266024
6975566
6851757
6120623
6583473
7079090
6042804
5784757
6212790
6626489
6380730
6906689
6761663
5893313
6096066
6124739
5819589
7077062
5932232
6554825
7118958
6649036
6169806
5815503
6167760
6802555
6601944
7140570
6218959
6778076
6212830
7119681
6765381
5846241
7029987
6425829
6591356
6441170
6192205
6526191
6763760
6860017
6331635
6495102
6810878
6714623
5762304
6624513
6685954
6847747
5876999
5778697
5848330
5813515
5792642
6210830
5971215
6724880
6921489
5840154
6286619
6454146
6249759
5895457
6722851
6233381
7135793
6784145
6599980
5868849
6483250
7015732
6760670
6792502
7105417
6374712
7122235
7022353
6356533
7008714
6904784
6057285
6370630
6415927
6997327
6696272
6983414
5795155
6288725
6229337
6761820
6989370
6181093
6481248
6047073
5993826
6196580
6831884
6366567
6753170
6927726
6280560
6240488
6554515
6104437
6628585
6767993
6442362
5731710
5864831
7056721
6313346
6120836
6198661
5879176
7118223
5752208
7069479
6849939
6646598
6693102
6608281
6884591
6331805
6594117
6652144
6827429
6464934
6774183
7105436
6561194
6722994
6483187
6307252
6668190
5963191
6319192
6929849
6460319
6743028
7078850
6475199
6505376
6634059
5760455
6133193
6129099
6593442
6604238
6176207
6159825
7039908
6211034
6684125
6360542
6562725
6381025
6284771
6994603
6966759
5811688
6460906
5981676
6534638
6735344
6039027
5838327
6485496
6374996
6137341
6497791
5891584
6897154
6034948
7004417
6704044
6841868
6941339
5760528
6460945
7000400
7073027
6108693
7082577
5912087
6135320
6137369
6972955
6393372
6866522
5891616
7095847
6704842
6872327
6984869
5774896
6684209
6866483
5871157
6080054
5817911
6811193
6518330
6176315
6635068
7132734
6782049
5961285
6114887
6125128
6090313
5996107
5748304
6399571
6037076
6006357
5799511
5793369
6835802
6233692
5897822
7140960
6479458
6688358
6037097
6448747
6475372
6344306
7004087
6859369
6739576
6006396
6989431
5887618
6504067
6637505
6993545
6574359
6741644
6289193
5774990
6520463
6196880
6663825
6098578
7006666
6657686
6917785
6112922
5779100
5934751
7050912
5957283
6717382
5830310
6178471
5996202
6063787
7141036
7050866
5789358
6616751
5816264
7032322
6378099
6627614
5844937
5859221
6684346
5881533
6395582
6932159
6897345
6844580
6313668
6995838
7124678
5877447
6393544
6193100
5740234
6375115
6495182
6940377
6557403
5902044
6375133
6045408
5850849
6902411
5830950
6055654
5862353
6765180
7012075
5797612
6988973
6065902
6946543
6737652
6162166
6745847
7107757
7026425
6333055
6708181
6749381
6958852
6115077
6905606
6567687
5965576
6485770
6788875
6237964
6311695
6215640
6643474
6379284
6584087
6014744
6405913
7089947
6635295
6610720
6680880
6409179
6803237
6348583
6100777
5850922
6027051
5914412
5840685
6246191
6950704
5867314
6145844
5872728
6014777
6682426
7006013
6473536
6883137
5775171
6737732
6833462
5975879
7122760
6778697
6346570
5867339
6686540
6094673
7059401
6819811
6941900
5902165
6613811
5982042
6102875
6537054
6774604
6262416
7068498
6174566
5928808
6998443
6240108
6299282
6457198
6297460
6887285
6782838
7135095
6827897
6942587
6741679
5752702
6426497
6320002
7076247
6035334
6086535
6104968
5805961
6471564
6635405
6322063
6139797
6822553
6311832
6031258
6643611
6844316
5947034
5724062
5896095
6809687
5832611
6680485
6401692
6246386
6981551
6516656
6565736
6612914
6266806
6977463
5772276
6866874
5949371
6141884
6649789
7003304
6514625
6442315
6285253
6560963
6597281
5933000
6012873
5715916
7048098
6170574
7122896
6840312
5750738
6670291
6696916
7055317
5824470
6029271
5898200
6569948
6775846
6756347
6573734
6995943
6324201
5941228
7030767
6803440
5937137
5742578
6393843
6744479
7079926
6191096
6407167
5905673
6279166
6987093
