23568388
21487621
21897223
22618129
23527442
22986778
22126629
22495270
22257706
23502855
22757420
22330034
22921263
22716464
23257138
22896696
21585977
22102078
22175807
23216192
22216776
22245388
23248971
22544464
21463131
22249565
21536869
22708326
21430387
22880372
21774462
21495938
23568526
23126160
22028433
22495390
21686982
23183530
22700213
23232699
21708989
22585538
21455043
22683845
23527624
21913803
22315216
23273685
22200538
22208732
21553377
22503664
21486291
23552244
22536437
21946619
23183626
23290126
22577423
23027989
22946074
22536481
22094114
22172591
21725478
21864747
23369561
21823806
21610816
22389057
22561094
23120609
21971277
23388497
21496150
22471004
22536544
23519601
22937979
22602111
22708608
22798726
21725588
22831510
21692823
23318596
22692269
22249924
23347656
21488075
21525922
21873102
23142865
22667730
22208979
22659542
23183834
23028188
21823993
22675967
23511552
22184453
23233032
23134730
22577675
23069196
22102546
22135324
23355935
21602849
22012450
22151715
23331365
21692966
23314985
21889595
22733375
22569539
22651460
21496389
22348359
22004301
22299215
21643858
22438489
21570139
23159388
22020701
21922402
22364774
22463081
22659696
22250099
23569012
21946997
21668470
23077497
22132161
21955216
22340246
23560857
22897310
22053535
22422182
23388853
21447353
23438010
22258364
23552711
22577867
21963468
23550755
22012630
23061209
22250206
22938337
21668579
22905572
22102762
23438060
22438640
21693178
22766334
23159560
21685005
22242064
21447441
21512978
23492057
21586717
21832479
22856482
22299427
21930791
22274870
21889861
21865297
23413586
21816147
23470932
22053719
22381403
21865308
22651741
22987625
22537078
22930295
23479175
22152078
21709714
23495578
22676396
23520175
23477064
22029249
21578693
21914566
22897612
23495634
22504405
22624342
23266270
22331557
22897632
22545380
22389739
22823917
23389166
23544817
23290866
21586931
22561788
21505021
22053893
21775373
22570000
22537236
23028757
22742046
22332452
21513253
22324263
23421999
21546033
21988404
21472314
23493471
23282749
23249987
22745271
22586444
21546065
22266962
23422038
23004248
23454814
22643811
22498150
23028840
23159913
22119531
22766701
23292776
21652594
21603444
23250037
21660795
22013055
22586496
22979715
23037060
21955720
22488211
22652054
21554328
22516872
21701788
22873246
22668448
22545570
22430883
23119024
22365363
21923003
23102656
22791365
22881488
23397589
21464290
22996196
23413994
22906094
22996227
22521094
21865736
21464334
22881551
22275346
22693143
22547332
23233819
22963489
22316325
22365479
22398248
23168297
21494663
21955887
21964093
22234431
23414082
21807329
23160138
23536978
22450403
22226268
22775138
23348586
21620075
21607997
23102832
23512435
23151991
22300024
22734207
22128008
22586768
21816723
22800847
22586779
22226333
23537057
23397795
21616199
22824366
22963634
22218163
22824374
21796426
23012807
22734285
21767631
22267348
22275546
22119909
22734317
23217646
21784051
21472756
23520757
23436203
21587463
23496205
22218261
22287961
21702182
22734376
21988908
22488621
23053876
21464638
22357568
23299654
23225941
22439512
22660697
23389795
21694053
22161004
22636152
22242943
21587588
22685317
22177420
22136476
23257370
21915305
22783662
22439602
23455417
22759100
21546685
22021822
22750911
22480585
23439052
22054612
22529755
21513979
22282539
22349581
22669070
23176986
21956385
22931236
21702440
22128427
23174109
22988593
23390071
22611768
22333247
21505857
21636930
21579587
22619972
23291532
22103890
21751637
21849942
22808412
22923103
21587818
22887401
23086968
22734720
23070593
21686146
22177671
23267219
22357908
22185878
21989273
23209883
22194077
22308767
22587302
23390119
22964140
22570925
22169518
21686209
21505989
23259080
23406559
22235107
22652902
22956008
23554027
22554604
22374383
21448691
21661685
23242743
21432322
22480912
22366229
21456938
23070764
23316527
22226998
22284354
22399043
22751301
21858375
22448203
23310690
22407248
22562899
22390874
22997083
22218846
21669564
21506159
21629042
22538355
22448250
22931581
22038655
23185537
22153352
21809290
21579918
23308435
21710996
21588123
22497436
22874273
21489829
21514411
23357618
23120059
22767812
22382790
22079690
23357652
21915867
22300892
21866728
21899503
21596403
21997812
21645563
22726914
23316740
23046410
22087953
21784854
21989662
22178080
22194482
22481204
21801273
23456061
22710595
23374150
22432086
22341987
22776169
21711210
22538608
23505267
21694836
23406965
21989763
22169988
23136645
22161802
21899675
23153052
22161822
21899682
21752234
21776812
23292333
21563822
21752239
22096308
22636982
22940098
23497162
22006222
22587855
21957081
22923742
22915552
22620644
22907369
22112746
22219243
22202869
23529976
21703168
21948954
23374365
21891614
21547551
21482017
21457445
22735398
23194157
22858289
23038514
22997555
22481465
21621307
22063684
22186565
22776394
23374411
23267918
21736016
22317651
22989404
21932639
22170228
22768246
21482106
22243964
23276157
22784652
22620817
21998237
21785248
22399655
21605034
21838962
22858414
22940339
22989497
23366333
23063230
22522566
23186133
22751959
22735578
23440091
22768353
23276259
22120573
23005942
23243512
22440701
23325439
22005547
22547211
22940433
22776594
21867292
23202950
23325478
22767409
21539636
21588790
23128893
23407424
23186241
21728075
22997844
22588246
22293335
23006040
22612830
21531494
22817640
23087978
23169911
22449016
21474176
22440836
22866823
22768521
22457228
23415697
22326164
23137177
22383518
23415717
22875048
23038898
21957556
23426889
21703613
22334398
23440320
22350785
22186946
22571973
21924816
22924241
21711831
23022553
22457309
22514657
22211568
22326263
21490684
21531645
22006783
22432768
21818369
22096914
22514707
22670359
22161244
21605420
22997034
23383094
22965305
21515327
21834818
22735973
22011068
21679211
22211698
23391360
22473859
22580358
22219917
22531222
23506073
21437267
22867104
21531812
23186600
21695670
23407813
23030982
21449927
21941448
22605002
22940875
22203599
22088919
22072536
23465178
22588635
21540075
21433589
23268598
21613816
22064383
22187268
22924552
21556439
22621452
23121174
22400279
23375132
21720352
22146347
22506807
23547192
21925177
22211899
22900033
22203714
22187331
22875463
22785356
21474640
23448915
23563606
21998936
22457692
22981981
22433122
23006573
23558431
23031153
21818738
23010537
21769594
21990785
21917060
21450117
23244174
21925273
23563674
21876131
21851563
22760877
23162286
23113138
23268803
22384077
21605851
23047645
23170527
21917156
23105001
22883822
21638639
21786097
21859834
22646275
21499398
21818887
22646284
22105613
22015502
23236120
21933597
22253086
22007329
22998569
22588972
23252525
23326255
23367226
22064716
23039566
23531092
21974613
21761628
21679710
22359649
21673915
22826598
23465578
22199570
23064180
21655160
22015611
22204033
21614214
23301771
22163085
22064797
22728352
22605475
23092508
22220458
23375532
22408881
22921843
21442229
22245050
22384316
22875842
23391943
22187738
22687453
21982944
22376163
21622505
22376180
23097080
21802749
22671106
23490308
23465755
21729053
22105904
22785844
22999689
22925114
21532479
22646593
22507331
22441798
23211850
22998864
22662995
23465814
23113562
23539547
22409060
21868408
21860221
22712981
21647233
22048643
23162758
22990727
22056843
22179725
21983126
22892439
22351771
22278045
23515803
21966759
22056884
21868470
22928050
22761416
22851529
23130059
21819340
22261712
21475283
22843352
22228953
22507486
22220770
22048741
21868519
22204393
22581229
23288683
23482351
22748500
21827596
21953880
23359512
22786073
22040602
23236640
21893153
21483558
22892592
21991474
22360125
21770303
23072836
22941765
22171721
23097420
22556750
22368337
22483029
23040101
23565003
21459050
22720620
23359606
23351418
23392380
21606525
22237328
21745810
23122076
22261918
23531679
22229155
23548073
22630572
22261933
22368439
23171265
23441603
23113924
22114502
21816012
21754069
23007457
21983459
21516522
23171309
21876974
22909172
21868793
21606650
22106364
21964842
23490817
22163714
22016260
21500169
22966538
21795085
23171342
23490834
21647644
22728994
21680861
22982960
22696244
23277877
22327610
22327619
22008144
22843731
22868318
22876513
22516066
22163817
22819178
21721451
23163251
22245750
22081925
22106507
22851981
22172046
21877135
22671760
23341123
22722393
23417237
23083076
21729700
22415431
23007665
23433651
22180282
22794684
22442432
23474628
21836231
23204305
21623250
23327187
22843863
22303202
23523814
23368171
21541359
21565945
22106618
22435925
21729794
21844485
23532049
21910037
21819929
22540838
21598763
21565996
21746222
23073330
21860923
23409215
22229579
23024206
22131279
21467733
22344278
22368863
23556704
21557870
22098543
22033008
22639218
21631614
23466628
22778505
23245452
21459600
21762705
22024853
23499419
23106205
23564960
21861026
21844652
23483055
22180536
21492412
23548606
21787329
22254275
23302853
22213320
23294667
22393549
22229716
22057686
22852312
23302873
22505594
22885087
23261690
22844132
22827749
22115055
23237360
22418161
21607154
23245557
22074102
23458552
22573828
22221576
22430796
22819607
22295331
22803236
22024077
21967663
22467381
21484344
21820225
22672195
21910342
22811464
23262026
23483215
22754133
22238040
23556954
23286622
21771103
21533538
23516013
22844281
23371242
21943171
22827911
23122824
22123407
21566353
23368515
21754777
23139230
23344040
22557609
22533037
21795759
23089992
22442934
21443513
22533052
22680514
22533059
23537825
22082505
22041546
22967246
21558226
22623193
23106523
23516139
23172078
21492723
21812213
22238201
22672386
23188495
22549525
22189078
21804056
22041629
23458852
22549544
22205482
22287407
23172144
23368757
22901814
22680644
22557767
22467657
22934370
23524435
22058074
22754397
22647905
22549611
23254133
21755001
22467706
21918846
22025347
22303880
21927050
22959250
22639763
22623393
21812390
23123112
22181041
22901940
23237816
23434427
23303356
21492928
23499969
21574856
23090380
22508749
23147732
21697751
22893784
22050009
22426845
22656223
22451426
22082788
23409894
22607079
22238442
21517555
22294057
21492992
21542146
23352582
22295427
23049499
23357659
22656292
22713639
21820715
21804336
23000372
22631740
22967621
22525270
21476699
23123294
23270756
21435749
23557480
23262572
21763461
23483794
23508375
21771672
23536538
22377886
22552133
21444000
22230434
22435236
22222248
22549936
21484978
23049655
22123961
23369149
22992318
22869441
22205890
21771723
23033298
22820313
22115810
22812131
23533028
21558763
22984174
22853105
22640116
22987297
23237545
21722618
21788165
21616137
22661378
22173198
23057939
23402004
22820375
23549465
22230555
22795805
23123500
22804026
22001211
23008828
22951485
22312511
22214211
23164484
21886535
22845002
23148113
21575254
22582872
22320729
21526106
23246430
23139939
22271595
23341100
22724200
22918777
22312573
21739134
21657217
21747345
23246488
21894812
22504205
21583529
22541994
23557807
21591731
22172617
23410361
21993147
23451335
22779593
21993162
22714065
21649110
22189787
22255327
22165224
22492909
22820597
23115518
23213827
21575430
23222038
23148315
21911328
22755105
22271783
22222652
23050046
23557953
21601931
22263620
22607689
22589069
22656854
23000921
22763360
21591905
23172966
23352020
21821301
22263672
21919615
23213957
23189390
23492500
21575574
21649307
23369633
22820770
22771628
22288303
22501297
22132665
21567419
22247357
23181250
22108099
22411211
23459789
23461539
22468583
22771688
23553021
23484404
23066615
21985275
22984700
21788669
21927941
22837255
23492617
22059029
21510177
21706787
23334577
21551155
22558772
22911029
23304250
21739582
22730820
21682247
23500872
21706834
21764179
22280277
22321238
22640739
23456504
22575214
22386799
22214771
21731444
22067317
23124089
22206588
23431530
21993599
21764227
22091910
22050952
21928083
22304917
23509143
21723295
23017637
22010028
21674169
22853823
22788293
22698186
21878987
22411479
23381028
22608095
23296226
22477180
22149362
21469427
22165752
23492858
21453060
21911813
21608722
21813529
21499610
22534431
21854496
21575982
22157615
22403377
23393225
22214988
21829968
23026023
22444392
22690157
22698353
21854578
22698358
22567287
21559676
22493572
22518150
23222664
22903180
21871000
23075232
22378913
22297003
23525828
22837705
21658067
22182357
22493657
22829534
22018527
22985192
23181801
22166000
21854711
21936632
21944826
21514033
22133254
23075340
22379024
22182419
22682140
22379039
21453373
22149696
21666377
22788691
23444053
22674009
22002277
22493800
21609065
21740144
22510195
22592129
21494402
23366082
22381677
22305424
22960787
22175515
22813362
23206583
21502648
23127156
22510273
23403202
22362831
21822162
22870739
23005646
21666523
22715101
21953249
23468773
21666556
21791872
22362886
21936904
22272782
22592278
21805859
21871399
22453032
23444267
21824648
21535538
22461242
23173948
22182718
21986120
22100809
21543754
23534412
23386961
21732178
22911827
23395161
22059868
22272862
21445471
21896033
22199138
22682468
22649707
21533842
21527410
22709395
22027126
22608761
21814138
23117631
21928828
23436158
21691265
23128555
21958465
22412174
22846355
22379422
23288741
22821803
22166445
23518128
22453170
21748668
22207422
23419841
22780868
21969399
22182862
22592463
22125520
22338525
21519328
23337953
22289385
22174712
22289402
23297024
23018512
21896215
22109208
22892378
22240286
21628080
22912044
21658670
23231551
23166022
23084111
22330454
22395992
22748250
23280732
22584413
22740082
22919699
23182452
23379061
22903935
23141506
21437578
22920340
21724309
22412438
22133916
21879965
22584485
22289596
21437640
22592729
22363356
21650660
22445287
22592745
22387955
23330037
22396157
22273281
21748997
22699275
23051533
21789967
22699282
23510294
23428375
22551833
21814556
22633759
22052131
21568804
22560038
21565319
23398962
23051567
22314288
23133495
22666554
22764863
21839168
22617416
23133513
23528674
21855567
22142292
22420824
23084380
22338965
22166936
21432901
21519783
23469481
23256496
23494066
21454269
21495237
22691270
22248904
21765577
22756818
21495252
23489637
21487070
22183391
22494691
21568999
21585386
22527468
21855731
21429748
22797821
21610411
21593606
23035406
22978075
22448732
22363693
22085167
22707761
21495351
22797887
22396485
21814854
21732940
21831260
23346783
22330977
21438050
21446245
21692008
23322221
23510643
21626484
23518840
22552185
23535229
21800215
22675086
22797976
22142623
21962401
22888099
22609579
23011649
23043759
23277512
21847730
21978806
22462136
23379652
22832237
22658760
21585623
22544093
23428832
22912737
22052579
22658790
23150311
21544682
23019243
22912748
21823219
22544119
22298360
22888186
22208251
21935403
22626063
21454610
23084827
21585694
23437090
23134000
21511990
22298424
21954365
22052671
21479237
22585158
21978968
23166813
21880676
22896490
22568811
22699885
23330673
22019956
21630953
21487492
22593434
21591365
23256999
22666042
22003629
23281591
22314943
22978496
21454789
21725132
23281623
23396320
22142947
21938151
23322600
21880816
22740982
23207928
