29317121
29714434
29675523
29831172
28708873
29526027
29009933
28928020
29581333
29429786
29814811
28790817
29550939
28575782
29007911
29073448
29369692
29102123
28874799
29979656
28664499
28731444
28799030
29313716
29343071
29081661
28790846
29627467
28811330
29161539
29278902
29642822
29945927
29565002
28586059
29159501
28592207
29292624
29939794
28706900
29677308
29471417
28684378
29888603
29126749
29280352
28919905
29546594
28823654
29485162
28768363
29067375
28856434
29556851
29048952
28715131
29808768
28766339
28811398
28786826
29606028
29730957
29143182
28653711
29229201
28616850
28928148
29112686
29276525
29608088
29838020
29718684
29929629
29943966
29712544
29568368
29409443
29603526
28694694
29274280
29951867
29444270
29725185
28641462
29956279
29933752
28807355
29195978
29255870
29703090
29739200
28776641
29081795
29823009
29341896
28717258
29149389
28793038
28643535
28790992
28987601
29264084
28842199
28856536
29950108
29429979
29221084
29227229
29235424
28930273
29092067
28938469
29216465
28719336
28610794
29397031
29190380
29958381
29871485
28688626
29800691
29907188
28698870
29171962
29603731
29678634
29943509
29018369
28723460
29368581
29292806
28727559
29180169
28774666
29384973
28637456
29028625
28713234
29950227
29104404
29944086
29638935
28733721
28690715
29780253
29698335
29130459
29688198
29460895
28651817
29614379
29063468
28830003
29131060
29450549
28694839
29727032
29319485
29520193
29878595
28911670
28676422
29798731
29438287
29834296
29747541
28682582
29442105
29692252
28602767
29430108
29594682
29960261
29344485
29326451
29974891
28623250
28787054
29636669
29262194
29874547
28600692
29823038
29821304
29100411
29612414
28750207
29823361
28574082
29563270
29860083
29908859
29352002
29589902
28674447
28797330
29206595
29991316
29104878
29520279
29618927
29229471
29100448
29814171
29041063
28754344
29446572
29594029
29401522
29750003
29548980
29946294
29901239
29071800
28979643
29555132
29372861
28625342
29682111
29178304
29604256
29339723
29061572
29326647
29786567
29092296
29749708
29828369
28578256
28989905
29951054
29781753
29972952
29609380
28926426
28776923
29176288
28885475
29628903
29923816
28934633
28793322
29413799
28840429
29381102
28932591
28811760
29028776
29084147
29444598
29487607
29837514
29055481
29170171
29221374
28973567
28844545
29256790
29211142
28916234
29659660
28918285
28631566
29998561
28654096
29760019
28938774
29479447
29913485
29950489
29586639
29268508
29553184
29647393
29454882
29559899
28641828
29600294
29864488
29180459
28611117
29225519
29615880
29244851
28619316
28629557
28744246
29442615
29487674
29600317
29141568
28686913
28684867
29950532
28944965
29053510
29024839
29073992
29405778
28987989
29967460
29424220
29577822
28791391
29520656
29762146
28786107
29452901
28834406
28615271
29587240
29000304
29151858
29995635
29786740
29695511
29882815
29973116
28672637
28584574
29964053
29348481
29617259
29390614
29307526
29147784
29973133
29725269
29358735
28660368
29611928
29909651
29813396
29969045
28594838
29069976
29364890
29881983
29598221
29614749
29272736
29927703
29394521
28910248
29985449
29641388
29229743
29280944
28721608
29362866
28940979
29008564
29536573
28832438
29915127
28787385
29846303
28619452
29131454
29391551
29393600
29968160
29350594
28918468
29701266
28830411
29518540
29751731
29602178
29622991
29261944
29471443
29960916
29950678
28711639
29717208
29814335
29973913
29508323
29715172
29129445
29563345
29047531
29706988
29190893
29098734
29375215
28693233
29377267
29799158
29617961
29242106
28834561
29439788
29305610
29625133
29268752
29643538
28918547
29694743
29117209
29792730
29051678
29766431
28928800
29683470
29469147
28611365
28732198
28715821
29891375
28756786
29732659
28732212
29858616
29496116
29681119
29195075
29658648
29350727
29659978
28887884
28640077
29780814
29817679
29637456
28836689
28693330
29229911
29635418
28732251
29145949
29785573
29023073
28580709
29926249
28593002
28865387
28844908
29285229
29983599
29633393
29901683
29809526
29108372
29825206
29792245
29135740
28801920
29867840
29191659
29991813
28896136
28930956
28793741
28994446
29076973
29614993
29576082
28713875
29868966
29345131
29647774
28937121
29563810
28976038
29330343
29373596
29082539
29932460
29649837
29338542
29299631
28818353
29232050
28900275
29209525
28990390
29107128
29193148
29798411
28695486
29368454
29744064
29103947
29264836
29819847
29682508
29928397
29903822
28832719
29610962
29049812
29976278
29371351
28689370
28836827
29121503
28576736
29291490
28996579
28978148
29997905
29096937
28638186
29066222
28947439
28924912
29386920
28771315
29651956
29854206
29332470
29283319
29467640
29352954
28668927
29933056
29808470
29842438
29315303
28687368
29383689
29279243
28740621
28689423
29491032
29762991
29725717
29740054
28845079
29979675
29953052
29455390
29805600
29357574
28648486
28877863
29826144
29619242
29715695
29367344
29717986
29680690
29318195
29615156
29398071
28574776
28910650
29879356
28839434
28636224
29559874
29667510
29670473
29731914
29228107
28904526
29309453
29193400
29729103
29814278
29727829
28660822
29135962
29399252
29885764
29490021
29123680
28583009
28601443
29322340
29506661
29383784
29568105
29338731
29166703
29396081
29301875
29752436
28793974
29873272
29076604
29129578
28935294
29936767
29588609
29412484
29473926
29566090
28654731
29736061
29756560
29640216
29428567
29601001
28644548
29435035
28621980
29852833
29755931
28574884
29353126
29736105
28900523
29508780
29202290
29777072
29501299
29752500
28742837
29840566
29881527
28785848
29684922
29115755
29549757
28665026
29093060
28992709
28820678
29657633
29279432
28624074
28837070
29127887
29326544
29535441
29249742
29729316
29137103
28681436
28714207
29213617
29560034
29879163
29732069
29150809
29150440
28716265
29392107
29197548
29410928
29611250
28703988
28986615
29441272
28765433
29293781
29349123
29946312
28835077
29877513
29902667
29355275
29355906
29537550
29640237
29598993
28853525
29097238
29349143
28820761
28679452
28749087
29701508
28968225
29779235
29510543
29970659
29390044
29259052
29066543
28667189
29500726
28869943
28873268
29695199
29062462
29531455
29786336
28609859
29803844
29998305
28874061
28583821
28736851
29810007
28849496
29523290
28872027
29347164
29167845
29558114
29271953
28611946
28915051
29857133
29625710
29429104
28632434
29431155
29076852
28759273
28915065
29537074
29753578
29878216
29564287
28915072
29439363
29683076
29605253
29883783
29269384
29809900
29273482
29117835
29598928
29368216
29976732
29019541
29674905
29985462
29580699
29635996
29291933
29210014
28646815
28634531
29359524
28584928
29672870
29093288
29330860
29993202
29496751
28616112
29282888
29568855
29105587
28736949
29058486
29193656
28806388
29064685
29353407
29107648
28595649
29447618
28950253
29148613
29367756
29115854
29977075
29824468
29662677
29877497
29314522
29384155
29726172
29400543
28808673
29179362
28931556
29757350
29373927
29663511
29036011
29038061
29450333
29052402
28786165
29396472
29958399
28790271
29644288
28640774
29046279
28780042
29584983
28640780
28904978
29408787
29207967
29050391
28804632
28984858
28883697
29338885
29746720
29640225
28595748
28787633
29249064
29437446
29225223
29494828
28767789
29224744
29068848
29814322
29866931
29052469
29942025
28942943
29287996
29791806
28673599
29509186
29904587
29632073
29417036
29869645
28780110
29975920
29240914
29901996
29659541
29771350
29572695
29474392
28681817
29257306
28886622
29197920
29435402
29779556
29351525
29136487
28741224
29639612
28994151
28696173
28737134
29277808
29068913
29976987
28591739
29931133
29601045
28950151
28933771
28616334
29664537
29238936
29947844
29992153
29210269
29394590
29988511
29350512
29935268
28634789
29638150
29757099
29339313
29810354
29802702
29138614
29931193
29128378
29654717
29679295
29916448
29312706
29427398
28612298
29349579
29363050
29136590
29607632
29073105
29567267
29152980
29679137
29257430
29578970
29127631
29017821
29522151
29116129
29435620
29961957
28798694
29880041
28702445
29251313
29700603
29562613
29818871
29011704
29173497
29759103
28790524
29052673
29001474
29273859
28946181
29146888
29335852
29255435
29814541
29681422
29840054
29903491
28892949
28835606
29979284
29410607
29214492
28972829
29085471
29753120
29744931
29096067
29536679
29935398
28733224
28770089
29488938
29345579
29421356
29413165
29189935
29089584
29160072
29431603
28933941
29122361
29669180
29671298
29830976
28673857
29861174
29290310
29302599
28596043
29263692
29605713
29634387
29673302
29478743
28651352
29369316
29618010
29745807
29376348
29488991
29259619
28913508
28915560
29972300
29620077
29462845
29820785
28948338
28899187
29656950
29829923
29564795
29788028
28753789
29835134
28864385
29036418
29341571
29097860
29841729
29147016
29099915
28987277
29323151
29495184
29179793
29574467
29397998
29341591
29302680
29032345
29233054
29358405
28751776
28705776
29771683
29810853
29395270
29312934
29654001
29487016
29128617
29464491
29933485
29798964
29953289
29611959
29396925
29975492
29747135
29909576
29970157
29728997
29788101
28688327
29800392
29878218
29671415
29736909
29249486
29226960
29700051
29519829
29876183
29462488
29822938
28964175
29161439
29155299
28751844
29368296
29531571
29351923
29454325
28821494
28676087
29009913
29667322
29976571
29823317
