26223616
26101771
26793996
26277754
26355729
25835540
26294617
25763864
26495001
26476570
26715823
26329116
25798686
26793307
26517540
26955813
26144296
26523688
25815081
25853995
25761836
26159149
26206256
26110002
26485769
27111092
26497082
26722367
26759234
25998347
26421317
26654790
25725001
25843786
26396461
25847884
25741389
26763343
25890897
26017876
26328078
26118230
26746806
26878042
26685533
26183775
25944160
25876579
26923108
26474600
27052137
26861376
25737326
26488943
25933937
26478706
25856119
26909716
26226813
26560639
26560640
25895042
25940100
26089605
26644614
26450057
25890954
26024075
26734736
26185873
26996882
26321043
26063001
27059417
26048667
27041949
26417310
26044576
26497392
26910747
27089062
25824625
26781865
26484907
27064493
26824447
27117998
26532025
26362229
26837005
26792131
25958597
26298566
25987272
26687689
26306763
26009804
26701869
26469069
26542289
26042579
27127069
26482382
26791198
27060443
26775772
25794782
27106341
26833122
26452195
26067172
25796843
25891052
26960594
25972975
26239216
26172456
25846006
26292471
26298616
26007803
26979495
26975949
26564651
26640644
26910981
26913259
27058561
26347784
26898700
26913154
26389549
26481463
26292498
25983251
26022164
26939672
26859801
26661935
26363144
26411138
27121953
26635995
27059512
26703986
26063143
26036520
26075433
26540330
26917255
26202413
26970563
25752862
27128883
26075444
26497334
26362249
26282296
26221620
26145082
26706238
26050879
27029826
27119940
27107654
25776455
26550547
26603849
26267980
26257741
26380622
26396045
25719120
25893203
27097428
26521941
26870583
26071385
26585439
26437984
26841442
26192231
26071401
26282347
25807212
27019576
26261871
26151280
26702193
26282354
26577267
25719157
26521974
26485113
26823036
26245501
26657151
26110337
26544514
25859819
26773895
26798472
26274185
26343818
25883031
26935695
25893265
26526099
26554774
26098071
26804632
26399129
26503585
26997830
25880998
26802599
26401192
26651050
25858475
26911150
26218927
26116532
26950075
27140540
25831869
26075582
26880447
26089922
26619979
26534341
26579398
26182087
26520013
26821071
27077368
26243540
26696149
26973842
27122138
26466780
27062693
26542560
26794466
26413541
26110439
25766377
25763239
25846252
26954222
26245616
26755572
27015934
26767863
26708472
26243577
26593786
26546683
26411093
26927617
27087362
26320052
25800790
26914718
26878471
26817035
25805324
26343951
26834384
25903637
26536472
26819332
26345558
26352157
25797150
25881119
26260001
26524763
26141220
27112198
25739816
26014250
26331691
25739821
25848366
26868271
25838128
26618419
26569036
26794420
26139196
26018367
26976832
25719361
26338059
26047045
26802759
25813576
26864202
26235467
26561100
26887266
26899213
26467768
25746003
26903124
26417752
25717337
26882650
26702427
26879760
26712674
26597475
26729063
25756270
26296944
25993841
26434168
25993849
27138495
27059706
26915458
26462851
26755716
25950855
26929800
26951889
26927755
25977485
27128462
25879320
26464915
26871918
27112086
27099929
26970778
25991840
26509985
25887394
26785905
26155688
26780329
26972844
26278573
26114734
25930417
26929842
27020768
27071983
26247865
25797310
26608319
26114753
26932002
25742021
26075848
26959308
25967306
26973303
26319564
25764557
26552265
27024083
26970837
26538967
26618584
26830287
26337913
25760478
26397408
25926369
26661603
26264292
26453798
25850598
26553066
27093740
25963247
27069224
26727155
26776309
26114807
26344184
26331897
25838331
26465020
26424062
27128656
26403587
25901828
26448646
26495754
26041099
26055437
26592707
26020623
26442513
26902861
25936664
26327172
25776923
26143516
26340129
26020642
26600582
26577702
27127601
26859080
25766697
25895727
25926448
25740082
25942839
26147641
27142623
26661692
26039102
25897791
26747712
26763744
26704706
26817348
26876743
25865032
25948983
25979725
25756494
25824079
26882896
26746680
26508114
26839891
27115321
26805082
26994723
26786661
26239846
25924455
26702697
25854827
25994093
26268529
26626930
26954614
26522488
25871225
25977723
27077500
26159997
25785214
26168192
26568512
26073986
26284931
25893764
27122838
26861470
27028359
26259948
26090378
27027663
26658285
25998228
27027936
26358678
26218649
26424218
26836463
26418076
25959326
26943924
26696176
25754532
26497958
25842151
26422184
26905513
25877418
25719724
26545521
26319792
25789361
26297843
25877432
27012029
26859426
26239936
26571936
25932738
26006347
26686404
26766277
27091496
26610633
26153930
25850827
26342354
26786772
25859030
25783255
26045402
27040733
26827743
26358752
26123233
26524643
25879525
25947114
26440683
26704880
26289320
27001842
26872822
26010618
27018235
25932800
26840576
26906795
26737972
26051592
26184713
25863179
26453004
26045454
26823698
26937385
26625044
25900053
26989137
26491928
25740314
27098182
26092574
27000325
26934990
26606626
26811427
26158116
26027045
26039336
26438697
25717802
26037291
25852973
26300253
26758194
26886967
25744436
25748537
26498570
27118726
25781315
26942532
26607584
26225734
26915911
26571848
25940492
26238026
27026507
26926808
26231885
26557520
26037432
26051667
26859431
26371159
26960984
26852442
26190939
26066013
26147934
25803871
26636515
27110339
26811613
26661596
26362983
26291308
27141148
25855088
26922097
26506354
26162294
26565751
26035321
26795560
26811559
26813566
26907775
25848960
26145922
26025091
26401925
26350726
26233991
27028616
26877217
25785482
25916555
26823822
26870637
26451088
25803923
26715284
25975958
26670232
26371226
27055493
26888389
25910432
26933494
26256547
26851526
25928871
25859240
25959964
26633843
26674347
26406062
25793715
25801908
26395166
26902729
25971896
25875642
25740478
26518320
26551095
26624203
27108548
26721477
27032776
25955529
26881226
26915901
27063502
25779408
26810168
26240969
27126997
26641623
26275033
27003087
27131722
26261370
26172639
26049744
26148066
27032443
26805478
26622161
26295506
27059438
26164465
27061490
26541299
26321100
26635134
27138152
26029307
26033404
26148093
26782512
26465536
25935105
26668291
26227973
27011085
25992456
26273033
26703115
26502412
26403714
26010895
26744082
26886019
25942574
26973463
25953561
26746141
25943326
26266160
25873698
26170659
26684711
26326313
26752299
27137586
26131758
26313949
27069744
27120947
26092852
25845045
27034505
26350904
26940729
27059082
26883979
26252613
27026041
26373449
26195274
26871115
25929036
26750178
26355024
26365265
25769298
26256723
25933140
26882276
26379611
26850657
26512739
26866396
25912678
26080615
27038268
26754412
25988461
26273135
26706955
26183025
26656114
26301812
26254910
25855359
26600832
26021250
27017451
26056069
26376769
26660232
27023596
26598796
26195341
26843211
25929107
25873812
25914773
26672538
25935259
26053165
26449316
26484134
26090919
26195369
26999367
26190408
26662322
25824692
25726389
26607031
25841080
25728441
26179003
26047932
25777599
27084226
26256835
26129861
27025871
25740744
26626295
26443212
26576333
26291662
26199503
26353104
27029411
25941463
26764760
27125209
26273242
26598875
26324445
26890064
26725858
26564070
26195431
26205672
26365417
26723239
25927148
26467821
26486254
25800175
26017265
25965139
25900535
26488313
26101242
26650109
26727934
25771520
27088385
25767428
26936837
26957318
26402312
25769482
26109453
26403217
26873091
26586186
26641941
26830358
25789980
26914334
26082225
25757224
26908201
27039274
26672683
26486318
26358024
27094578
26695224
25886265
26115646
26951231
26498624
26648133
26842694
26828359
26193480
25949769
26877516
25800271
26211920
26713681
26763225
26807891
25972311
26599009
25863779
26609252
26224229
26572393
26428316
25886322
25757299
26570686
27057782
26422905
26306171
26818175
26793601
27020333
26003076
25833093
26942375
26443400
25816713
26115723
25931405
26295953
26234514
26414739
26879636
26365589
26812054
25986711
26498719
26970927
25933473
26033830
26556077
26664622
26326703
26164851
26943156
25867957
25870281
26111681
26199747
26572065
27072200
26513099
26514722
26345166
26025933
26048208
27065103
26328355
26900180
26006137
26519256
25976537
25874139
26261212
26154718
26904869
26621675
26814181
25721127
27138349
26401260
26062576
26011377
26091251
25960180
26387753
26275576
26035967
26740480
26910469
25988871
26509067
26480397
26595629
26259216
25968401
27008786
26455828
25943829
25788183
26418969
26820378
26281755
26074908
26913485
26941217
25841446
26048296
27066154
26346119
25788204
25872173
25974576
27096367
26709812
26994654
26126136
26267449
26982202
26613564
27112074
26330944
26138433
26660674
26995339
26728758
26298182
27012935
26861384
27065748
27106615
26439500
26791757
26847056
26739000
26691410
26855395
26822484
26445653
26521431
25894745
26226525
26373982
26695519
26709856
26815778
26951525
27010705
27070591
26343277
25900913
26496882
26478227
26689397
26193782
26181495
26281848
25976698
26511227
25916394
26427262
25993091
26562438
27006857
26752663
26343312
26879893
26831095
26169240
26156955
26394092
26695582
26548127
26582945
26832802
27015005
27111333
26599335
26738604
26017709
25810865
26980275
26415030
26650953
27074548
25907131
26933180
26480574
26054593
26288066
26677037
25961804
26947992
26439921
26056653
26671505
26103763
26857296
26869963
25802711
25948121
26762873
25915356
27119031
25823198
26568672
26840561
26327016
26048490
26769387
26593262
26314736
25942001
26122226
26533876
26843134
26081273
26884090
26623997
26370046
