8073217
8384514
8216579
7784452
7538693
7755783
8376701
8162676
7516170
7875586
8165390
7665681
7860910
7831574
7424023
8499225
8284186
8509315
8114205
7297055
7911771
7622692
7149605
7458854
7348263
7168040
8468524
7938094
8003631
8423432
7551033
8492383
7497794
7893059
7737751
8532037
7155783
8398920
7182411
7237709
8323620
7315536
8359489
8519478
8360855
7604309
7649367
8159321
8341090
7715861
8206429
7852127
8126561
7401570
8259684
8474725
7383146
8147303
7780460
7526510
7794799
7424113
8435826
8356883
7628916
7221365
8562806
7704696
8468603
7714943
7534724
7306262
8296582
8500367
7952528
7840792
7987346
7375555
8376469
8255638
7397531
8093852
8126621
8429726
7250079
8188065
8272036
8300709
8503182
7911591
7669929
8344690
8367940
7825581
7329480
7209140
7967774
8282294
7526584
7925108
7933642
7708862
8325312
7313602
7155907
7657668
7295175
7801032
7973065
7788747
7602381
8270030
7205240
7880916
8350414
8217977
8390872
7448793
7192794
8067791
8380636
8222941
8173605
8265952
7598305
7696610
8499428
8526053
7995624
8307068
7418090
7733484
7765714
8366461
8391821
7326760
7954675
8541566
7545078
7710967
7645432
7436538
7162108
8462589
7248128
8083713
8026370
7973931
8211158
7874824
7990999
7395596
8401165
8550670
7321872
7737048
7209234
7735571
8007961
8226448
8450333
8519967
8409460
8448289
8567077
7530791
7821608
7295273
8513835
8210733
7625006
8120624
7688499
7510324
8413496
7495995
8427836
7780669
7778625
7883074
7747907
8240182
8106310
7307591
7688520
8238452
7962961
7876811
8288599
7516505
7573851
7479645
7977311
7635297
8567139
8067428
7512421
7174503
8442221
8445768
7538408
7876980
8488102
7344504
7631225
8080649
7471485
8122752
7897474
7371141
8405386
7568791
7920799
7881102
8232685
8401304
8024469
7586198
7707031
7909784
8267844
8133638
8368539
8028573
7594401
8465410
7733669
7969192
8552170
7220637
7627184
8127433
7905715
8130996
7783838
7985590
8233000
7872955
7944636
7987664
8505790
7283135
8245698
8444355
7815926
7319969
7215560
7911881
7696119
8499618
7995855
7264720
7576312
7551442
7311827
7297492
8204760
8431695
8192727
8084901
8311631
7414243
8075265
8561125
7963110
8200956
7202215
7832044
8332711
7932400
7932402
8160681
8299000
8407546
7201275
8539609
7899221
7563778
8348165
8233478
8565796
7510103
7942668
7936525
8475001
7297554
7199252
7930390
7746973
7764506
8067611
8547905
7582237
7277086
7631394
7246372
7864869
8024615
7592489
7490090
8105735
7971373
7758382
8409181
8161840
8469256
8108594
7705139
8563253
7922232
8450619
7719690
8358468
8229302
7834182
7930443
7633484
7740514
7223889
8387154
7524947
7299668
8465166
7838295
7742040
8161881
7324254
8182950
7377504
7443042
7257873
8135272
8366697
8135275
7254636
7937719
8465485
8505968
7793267
7264887
8446186
7416444
7670397
8256126
8053525
7162497
7695467
7922314
7829271
7318156
7615119
8080019
7457431
7719578
7453339
8172188
8049309
7180960
7753499
7572132
8071682
7553702
7869095
8331946
7201453
7553710
8073904
7984981
8399185
7891644
8563212
8227521
7662275
8205117
7459526
7970252
7707338
8452812
8184525
8037070
7367375
7997560
8418604
7742683
7685241
8493176
7386575
7725788
8413989
7562704
8161745
7320298
8299245
7811823
7365363
7815924
8170622
7707382
7529207
7242488
8233428
7684859
7707388
7248637
7826175
7889665
7966166
7682823
8260360
7365386
8461067
7963405
8321806
7766801
8516569
8495891
7996180
7445269
7478038
7910873
8012570
7686939
8508623
7969565
7803013
7441185
8002338
8053539
8205052
7539498
7316269
8107669
7521073
8488451
7336755
8155956
8067893
7721000
7152444
7983933
8059712
8064480
8123202
7478084
7931702
7623495
8084298
8268407
8461132
8490883
7758670
7355745
7887697
8375779
7527252
8332093
8135514
7203675
8448860
8012641
7263075
7517028
8437874
8288662
7277416
7934780
7778627
7560043
8493202
7750510
7985981
7603060
8423230
8515334
7173609
8037240
7736189
7347071
7281539
7271301
8393537
7484296
7635690
8280971
8350605
8076174
8305551
8424336
8274833
8272786
7314926
7297943
8323989
8078148
7785370
7269275
8267813
8119197
7867296
7415280
8418211
7687083
8510381
8205233
7809863
8062451
8246197
7402424
7906233
8098746
7443387
8311741
7570367
7709633
8121286
8111047
7201737
7795659
8129698
7795662
8371151
7455698
7209941
7781881
7740377
7689039
8203285
7635934
8485857
8117219
7177188
8086501
8408038
7285735
7486440
8337631
8316013
8256497
8242162
7627766
7317673
7844856
7842810
8369206
8514556
7728126
7320575
7322626
8298692
7816198
8406024
7658506
7851021
8213518
8377361
8330755
7664661
7214102
8330263
7552024
8516633
7828507
7738396
7404574
8510035
8362456
7758885
7195688
7552041
7156778
7879723
7726125
8195120
7388213
8066102
7889977
7926842
7552064
8520886
8199009
8432140
8113228
7472205
8344656
8565135
8328277
7936185
7502692
8406056
8170588
8324473
7867488
7539810
7730277
7199851
8318060
8086034
8410222
8017008
8295272
8124035
7924853
7427190
7887991
7334420
7388286
7812223
8092609
8074374
8125575
7945353
8443415
8395916
7196866
7578767
7435408
7685266
7194819
7774818
8139926
7709847
8260761
8305819
8485749
7758315
8258720
7367842
8125606
7695530
8435839
8398706
7822515
7826612
8015030
8555704
8565947
8406205
7797951
8324288
7519426
7865547
8264900
8470873
7709898
7781579
7355938
8092879
7548115
8139988
7351511
7880228
7492826
7144667
8553606
8537311
8316128
7384289
7927010
8027686
8481007
7288044
8363247
7572720
8244435
7251188
8346869
8018473
7462137
7738239
8258090
7824639
8375553
8156420
7896325
7709960
7204105
8096983
7777549
8362532
7675154
8433539
7818518
7189785
7652635
7507162
7931166
8207237
7417051
8036694
8353061
7673127
7660840
7294249
8230186
8308011
8041772
8209970
8148270
7726386
8434997
8019255
7423289
8107891
7331132
7757120
8037697
8320322
7419787
7957828
7732549
7890247
8140104
7408970
7867726
7841104
7460178
7155029
8185174
8288474
8242524
7646558
8142053
8310112
7152993
8543587
7204196
7859558
8285543
7419240
8000874
7986539
8269164
8095087
8060224
8468712
7985188
7144820
8516983
7986553
8500602
8556095
8316299
7988605
7746942
7890303
8162880
8228226
7900549
7705990
7902599
7820681
7165323
8023436
8108269
7429520
8521105
7966098
7511444
8543637
7441815
8349081
8400283
7460253
7177630
7669151
7990512
7773603
7851429
7650727
8058780
8269226
7531948
8277020
7223197
8435120
8320433
7232946
7450038
7602020
7505338
8132030
8035776
8481355
7593412
7925190
8519113
8555978
7540172
7237197
7423440
7343569
8502740
7419350
8445177
7843289
7542235
7648732
8077562
7904736
8196021
8051963
7849445
7765478
8381812
8334824
7571708
7689706
8394663
8527340
8526418
7622126
8355175
7448048
8398322
7603699
7577079
8453624
7712249
7957526
7607804
8524032
7704067
8463877
8498695
7454217
7970211
7841294
7884717
8210691
8216084
7829013
7376407
7822872
8308997
7231010
7194148
7380518
7995313
8072744
7319132
7468587
8189485
8355375
7673392
8255752
7810610
8151531
8338998
7511607
8532095
7851581
7142975
7212608
7667265
8430859
8228421
8451681
8076872
8513098
7546445
7917135
8402512
8569745
7468627
8148566
7476825
8394254
7415388
8513118
7894623
7482977
7282274
7812027
7392869
8091239
7573097
7239276
8439405
7845486
8531568
7550577
8054386
7722613
7915126
8564329
8185466
7337596
7290493
7716480
7798403
8062596
7206533
7967681
8276588
7171728
7581332
7922274
8093718
7331484
8412829
7184033
8516122
7644835
7636644
8515239
7540392
7382697
7521964
7186095
8223495
7703367
8277217
8300213
7182007
7567032
7734973
7782079
7564994
8325067
7315140
7519944
8132297
7898826
8142539
7812815
8269520
7425745
7222994
7716564
8453070
7724759
7472856
8529625
7544539
7171806
8038111
8255201
8118703
7857891
7605988
7710437
7347944
8444540
7290602
8007975
8476396
7850962
8300270
8107759
8150312
7298805
8060662
7321335
7991032
7782139
8293674
8384261
8140550
7490177
7487241
7759626
8398184
7190285
7456529
7956099
8017686
7571223
8403194
7622427
7833374
8109047
7835428
7466789
8426482
7427883
8234290
7395126
7969076
7817018
8089406
7728959
7313218
8019779
7843652
7159622
8502241
7472968
8382282
8564555
7415629
7391054
8269647
8206161
8270419
7190356
7194453
8565732
7952221
8367968
7237473
7427939
7208804
8281958
8167271
8562536
8146793
8466755
7810923
8040300
7681901
8210749
7943763
7722867
8019830
7374711
8275832
7489402
7862139
8425450
7737215
7253888
8039744
8394627
7640966
7811393
7974792
8093577
8302474
7352983
7542669
8480654
8425359
7524243
7331734
8212376
7339931
7399324
7546781
8547023
8432965
7548832
8198050
8474534
7626663
8510607
7227309
7735214
7315375
7958449
7724979
7980980
7952309
7464887
7823289
8108868
8124111
8191306
8409760
8188918
8259233
8322729
8118218
7672823
7421900
7796687
8067024
7958488
7845540
7471067
8490975
7794656
8491724
7227363
8173542
7491559
8386536
7274474
8053903
7785810
8471874
8239087
7458800
8527311
8005620
7344118
8259575
8097784
7856122
8452094
