18595841
19470340
18710529
19113994
19484683
19431437
19324942
19758765
18919440
19246550
19253269
18806807
19791876
19659439
19140636
19773975
19814582
19998752
18796577
18911270
19787815
18767912
19382313
19464199
19341356
19028013
19417134
18726960
19720241
19847466
19617845
18964541
19265601
19017797
18987079
19036235
19228749
18759758
18683983
19867904
18608211
19843158
19152984
19888484
19293433
18823261
19751007
19701856
19478625
18974819
18581604
19138236
18757743
19189872
18589813
18612342
18620537
19366010
18980988
19990654
19431445
18800768
19191891
19002390
19450561
18901128
18638985
18905111
19198092
19744910
18942095
19226770
19953811
19212436
19494953
19026070
19939353
19794073
18757786
19208347
18667678
19794971
18843812
19684038
19249521
19951784
19243177
18909354
19153070
19237040
18946225
18946226
19237044
19849246
19118262
19066569
19685560
18872505
18841787
19882172
19271870
19562687
19708097
19097291
19368132
18878662
19831284
18813131
19970002
19267790
19860608
19117433
19542232
19719204
18868444
19699937
18833635
19262502
18843878
19116470
19220860
19552492
18648239
18608372
19570934
19171575
19253271
18997497
19550459
18841852
19440059
19722495
19454208
19891584
19060994
19494955
19689733
19423494
18827528
19099913
18710795
19136780
19517709
18985231
19040528
19577106
18602259
19239190
19808539
19077404
18583837
18940190
18860321
19934956
18949120
19820592
19097896
19149098
19146119
19446060
18886958
19495215
18702640
19294600
18714930
18979124
18987317
18698550
19051913
19196216
18979131
19691837
19503423
18907457
18895173
19900742
19222241
19007816
19880265
19179852
19888461
18968910
19933519
18717013
18620758
19104088
18737497
19216730
19085660
18700637
19299852
19804560
18991460
19974501
19812713
19741036
19911021
19355709
19116401
18866546
18749812
18794870
19642743
19480952
19044732
19995390
18676096
19593601
19705921
19087752
19745161
19859477
19241355
18743695
19515792
19235224
19974546
18606483
18964884
19126680
19493274
18663835
19128732
19605917
19100062
18596255
19952368
19776061
18905508
19841446
19222955
18661804
19165938
18815409
19106226
19481012
19506590
19007926
18598327
18620856
18928059
19986876
19560896
19451045
19508193
18629060
18962885
19366343
19195652
19352009
19845898
18848203
19630540
18891213
19268046
19962316
18901460
18751957
18641366
18846167
19003864
18827738
19874554
18586080
19942480
19310111
19205295
19503592
18598377
19535950
18778605
18717167
19380721
19143155
19683828
19275518
18602487
19225081
19487227
19044861
19560959
19136256
19844025
18692617
18598999
18809357
18631182
19286969
18905619
19061269
18843152
19591703
18951940
19403291
18991644
18983453
19188257
19853858
18950692
18637349
19492615
19071534
19643245
18743859
19460873
19726772
18911802
18643516
19186237
19647555
19540405
19216957
19928451
18776645
19557571
19410700
19610039
18852430
19704399
19294805
19946632
19233377
18717283
18780772
19424727
18762513
19362408
19561065
19077739
18739821
19235438
19898995
19532405
19754089
19745556
19018362
18860671
19577280
18907778
19555800
19055240
19731081
19820672
18610831
18762387
19767548
18651588
18973339
19403420
19776157
19321505
19810075
19222529
19165862
19111984
19352233
18892231
18743981
19892910
19531549
19165872
19931592
19623588
19208884
19212987
19372732
19908798
19404576
19739330
19344069
18696902
19663561
19302861
19469008
18920145
19747540
19752713
19522263
19708634
18949583
19901148
19532514
18905827
19552257
19184422
18789094
19618535
19706604
19655407
19862256
19212072
18615026
19602163
19161848
19730900
19020538
19886844
19059454
19667413
19735296
19679360
19092228
18625285
18942726
19176199
18731785
19229450
19342091
19596751
18764561
19626770
19192595
18778900
19202839
19108632
19489564
19731229
18772768
19856162
18780963
18766628
19559205
18660134
19077930
19736711
19812146
18660145
19159860
18705207
19893044
18955066
18918203
19385482
19352383
19266370
18819907
19305733
18799430
19845963
19814144
18844494
19915845
19563172
19280724
19116888
19678041
19084122
19595407
19082076
19098463
19811472
18826043
19409766
19178345
19456875
18994029
18582387
18758517
19832297
19804313
19276948
18865018
19712891
18760574
19950412
18846596
19101846
19618694
19219335
19831692
19447618
19229165
19645328
19520401
18895762
18852755
18631575
19813272
19110809
19137434
18996124
19039133
19002270
19440543
18621345
19114914
19359899
18844580
19608485
19166118
19131303
19854254
19221661
19033009
19930034
19292575
19770295
18572217
19680188
18949053
19278758
18889664
18877378
19755973
19326113
19930056
19436489
18938827
18781132
19016654
19642189
19794896
19688402
19549006
19971600
19031000
19219417
18789340
18807775
19028961
19783048
19944419
19463143
18824170
19320658
19563005
18912241
18775026
19923113
19802964
19979123
18754560
18670497
18584579
19284667
19804673
18955272
19629065
19698698
19410989
18709520
18672657
19352597
18592790
19096599
19334168
18811929
19319834
18889755
18625567
19559641
19538978
18603043
18787364
18844710
19181745
19002413
19315758
19770422
18805815
19203128
19319866
19783519
19383356
19039293
19170366
19303487
18629699
18689092
19043397
19141703
19195404
19291213
19932240
19451747
18721879
19688540
19760221
19842442
18967649
19160162
19663971
19577957
19392686
19728692
18719849
18963562
19354733
19496047
18844785
19208723
19813566
19512438
19002489
18859131
19552066
19082365
19524736
18998404
18635286
19704966
19215496
19577993
18631818
19254411
18701455
19350672
18877587
18599060
18623637
19238043
19188893
19283102
18805921
19424421
19373223
19028508
18619567
18865328
18789555
19169140
19922106
18828475
19842236
19242174
19453121
19580098
18662595
19702982
19370529
19180744
18689225
19347319
19191330
18793678
19244239
19760336
18676946
19027155
19334356
19242190
18822360
18709721
19599589
19829626
19080415
19901664
18586849
19324296
19977201
19657956
19002597
18769130
19041516
18687213
18896778
19307761
19719414
18814199
18765049
18859258
19418363
18973949
18945279
18777344
19711104
19219717
19057928
19584266
19209483
19238156
19232014
18976017
18783509
19764245
19438809
19109145
19503175
18822428
19740496
19416635
19193122
19721507
19036380
19125546
19964807
19574061
19850496
19609480
19897652
19893559
19602746
19610939
18804029
19311934
19848511
19354945
18931012
19551798
19074273
18900301
18865486
19663757
18758993
18693458
19413219
19951836
19414357
18695510
19357015
19475801
19146105
18703712
18865506
19381603
19857181
19230057
19418002
18582946
19320176
19529073
19633726
18881912
18791801
19938682
19111146
19976085
19832192
19076482
19066243
19348870
18779527
19090824
18959753
19056010
19639691
19917720
18986388
18832789
19002777
19772552
19582363
19209630
19574341
18855328
19654049
18990498
19973540
18615717
19728839
19086759
19849705
19719596
19391917
19473842
19627501
19563964
19166654
19836352
19105218
19656131
19877110
18845127
19355080
19647735
18927055
18980304
19090897
19692110
18851286
19204345
19168728
19318236
19359598
19867104
19661323
19680738
19367395
19182502
19064294
19793384
19506665
19574695
18710098
19927293
18953718
19613176
18978297
19888383
19582647
19567872
19761652
19564218
19652104
18939404
19766798
18642448
19257185
19011091
18679312
18904599
19668504
18712090
19093020
19322397
19676702
19133983
19846487
18841122
19570267
18964004
18908712
19486250
19998421
19344947
18822710
19045943
19390011
19297852
19351102
18779711
18599490
19662091
19123781
19351110
19614305
18972232
19671308
18624074
19641932
18705997
18574930
19854606
18744919
18606692
19936858
19189339
19699254
19818078
19967583
19215971
18695781
18773607
18718312
19927022
18665068
19832430
18722210
19713640
19261715
19826843
18822774
18724472
19037819
19674749
18726526
18986625
19898807
19996892
19502725
19338888
19035785
19127948
19555983
18919057
19648147
18955928
19980148
19995930
19789475
19181219
18906788
19660060
19183274
19590827
18716332
18593453
19361455
18697904
19915379
18597556
18733342
19189430
19451575
19132088
19007161
18661050
18939579
18861756
19894901
18818753
19384003
19754614
19676870
18723788
18898635
19201741
19048149
18749143
19588639
19026554
19628469
18847455
19113697
19742434
19351163
19091173
19173098
18863851
19355206
19749842
18892526
19713777
18990834
19391691
18689783
19779882
19232510
19955260
18974464
19668737
19033858
19324675
18935556
19490433
19546948
19242763
19255052
19353357
19987789
18949903
18589464
19482394
18814747
19461661
19480349
19300127
19058464
18663203
18937640
19707234
19730223
19590960
19701490
19448329
19982133
19552054
19619465
18595641
19435322
18645983
19386172
19517246
18775871
19988289
19277634
19472369
18990916
18941767
19449484
18880022
19374391
18581325
18747214
19334991
18712400
19255608
19279698
19640148
19744399
19902301
19376101
18851681
19719511
18659171
18794340
19271875
19380074
19961707
18667373
18962286
19117373
19154804
18997110
19134327
19713915
19761725
19447679
19728582
19404674
19817441
19036040
18696074
18974603
19811257
19126160
19906774
18669459
19068910
19892889
19416388
18999194
19671023
19122076
19931038
19028293
19629984
19609506
19179427
19142564
18794406
18935719
18646953
19111850
18667435
18610092
19263489
19369911
18710457
19840954
19126204
19236797
18963361
19001283
19273923
18659270
19955655
19935176
18808778
19965901
19087310
18802639
19060690
19087315
18741204
18820430
19496408
19082916
19468251
18606044
18847709
18812895
19790870
19812323
19546084
18882533
19017703
19679208
19052521
18905067
19111250
18810862
18673647
19451888
18585585
19408884
19642362
19509247
19549866
19249151
