14903982
13000734
13565985
13418531
14917676
14647345
14499890
14114867
14704694
12894275
13951050
13869137
14565458
14917721
13369440
12918896
13680762
13975675
14614653
13992062
14753923
14155909
14311575
13877403
13189279
13041824
14917814
14655676
13910215
13729994
14287051
14658253
13336790
14819546
14385375
13228752
14917860
14934248
13082858
13339346
13213937
14123255
14786809
14950652
14819588
14663944
13746443
12902674
13254936
13059460
14172443
13263145
14841223
13893932
14868793
14156098
14057797
14451019
12886350
14287189
14426468
14131557
13910379
13803893
13607287
13754746
14557563
14639486
13615489
13099400
12894601
14844308
13418909
14246304
13173160
14664119
14123082
12943812
13713870
13435349
13197785
14033373
13268392
14672370
14434804
14115321
14238204
13640190
13435391
13312513
14361091
13490945
14254612
14361109
14582297
13230621
13820456
14008877
14475824
14934585
14828092
12878400
14544992
13918787
14189124
14790753
14451272
14082647
13034078
14836319
14828135
14893675
13656688
12870258
14467702
13771393
14787209
13009546
13304466
13820574
14279335
14344874
13476534
13845179
13771454
14566079
14074564
13114146
14500574
14066402
13394659
14656232
13009652
13394680
14803707
13476610
14377735
13435667
13329173
13853469
13927204
12886822
13329192
12919594
14181164
13198127
14189373
14730049
14107460
13534027
13512845
13058901
14689113
14721886
14861151
13443939
13099877
12895082
14213995
14451564
13476725
14369657
14304122
12911487
13927302
13935502
14120429
13271963
14050216
14386097
14205882
12886972
14623679
12895174
13771722
13485009
13476821
12968920
13894619
14197735
14337009
14861299
13689848
13804551
13296650
13911051
14803996
13812767
14976034
14976047
13444144
14074936
13902919
13755464
13722701
13526100
13730905
14361691
13927536
12936318
13468810
14795927
14566552
13632665
13567132
13264036
13624486
13690032
14656693
12993718
13698233
13013194
14230720
14279876
13935820
13272269
14648536
13346011
14312671
14877921
14017776
14304499
13698295
13747452
12961022
12985599
13436160
13600002
14394631
14255382
14845207
14484773
14697766
14591275
13886768
14968122
14173514
13428046
13575507
14624084
13968731
13944156
14992954
13149536
13821296
13690230
14640503
13944190
14599551
14189956
13452683
14755213
13534617
14206367
13632928
13411912
14550457
14435775
14214598
14214599
13510088
13958058
14452177
13501907
14919124
14329302
13534709
14820948
13510139
14599677
13272575
14435850
13674003
14698005
13461017
14222878
13436455
14048179
13755956
13616698
14635274
13059646
14313024
14771781
14370376
14470071
14214735
13026900
14808053
12920413
14321248
13018732
14336274
13395567
14354032
13502068
14923369
14693182
14288509
13035136
13977221
13444742
14804615
14722668
14395019
14730896
14624401
13870742
13764247
13207192
14557467
13141668
14452407
13248185
13149890
13199046
13469384
14345929
13379285
14108383
13289184
13149933
13125368
13264636
13600509
14698244
12936965
13608713
14124810
12928779
14640910
14452495
13764368
14477073
14617561
14747416
13952797
14878495
13362977
13846306
13043493
13657896
13485865
13362990
14386991
14944049
13666101
13707068
14993217
14886724
13518666
12961611
13403983
14722897
13256530
14411611
12871519
13945830
14411626
14419821
14395247
14903157
13117302
12904314
13150088
14681994
13248151
14092173
13182869
14288795
14927774
14682016
13051819
14550957
14780337
14460859
14403523
14346183
13207497
14075854
13395924
14428120
13200378
13060083
14321657
14552065
14174220
14608398
13346838
13731866
13953051
13494314
13527083
14772269
13396016
13944883
13633593
14174267
12937282
14739524
13150278
13412423
13600843
14782818
14141519
13961302
13543512
13289562
13633628
13895773
14444652
13224047
13502585
13305978
13817325
13879427
13265028
14485637
14223501
13191315
13404308
14723221
14190743
12970138
13854877
14902982
13756582
14846126
14928925
13461680
13068466
14969015
13682875
14633148
13699265
12994772
14387418
13461724
13297885
13551839
14403808
13134058
14543085
13715699
13805816
14657786
13183237
13486348
14715153
13420818
13797664
14926217
14313793
13314373
14912568
13764948
13879637
13044059
13330781
14010728
14158191
14035314
14854522
14092669
14502277
14485896
14870921
14510480
14420370
13101461
14354840
13969820
14166432
13838754
13981425
14666154
13011377
13781427
13183412
14567861
13019586
14862798
14084559
14371280
14068177
14051795
13920726
13437403
13478369
13117923
14993897
14976663
14565800
14649845
13666818
13740549
14125574
13675017
13666826
13142541
13634068
14223893
13658646
14805544
14474332
13437483
13470813
13527601
13016158
13773368
14690875
13060669
14674494
13724225
13240900
13650506
13412941
13666896
14379602
14133845
14797407
12937830
14100241
13822568
14641775
14740585
14379645
14125695
14068352
14807488
14363291
13019807
13953701
14874376
13609647
13945521
13077176
14224061
12916512
14650051
13961927
13748941
13159121
13470418
14633686
13273815
14330585
13920989
14510820
13265647
14109425
14789362
14684627
14797181
12897020
13754837
13495042
13912839
14740237
13404951
13740831
12880672
13626145
14363428
13667109
14199595
13667117
13323067
13011778
13290309
12946253
12946257
13437782
13986649
14707552
14527332
14986087
13945718
14232448
13183873
14085005
12864401
14930577
12880795
13634465
14076837
13241257
14756781
13314999
13387594
14093249
14306242
13052867
14117843
14257113
13577181
14846946
13028326
14167023
14699508
14715894
14191610
13765629
14240769
14711686
13413392
14216221
14036006
13691945
14126125
13954104
14415711
14634046
13012032
14027842
14232644
13347910
12938311
12889160
13495376
14388309
12954712
14396509
14503006
13601888
14453860
13479014
13184105
14003315
13970548
13667446
14044281
13905020
13141866
13700229
13880456
14363793
13413527
13462680
14675106
14279197
12979377
14560445
13943660
14068949
13339870
14879967
13536485
14429415
14781676
13708525
14052591
14634225
13217015
14314749
14273749
14044416
14060808
14028042
14519565
14167322
14437659
14978336
14298402
14044455
13421865
13462828
13602109
14119477
13208896
14757185
13262799
14282057
12930381
13487452
13786341
13872484
13846282
14683499
14462330
14003586
13782404
14921096
13004177
14650772
13397397
14708124
14036385
13045159
14192042
14060971
14396846
13479343
14380474
14478782
13200831
14486985
14593487
14912989
13200879
13938173
14741013
13479452
14757406
14102051
14446125
14757422
14863921
14356018
14987870
14454327
12971583
13913664
13291074
13930056
13332044
14249550
14011992
13971042
13479524
13659750
14102121
14175858
13012598
12963465
14118541
14298767
12996242
12920771
13758104
14643823
13676192
13029040
13954042
13430451
13561524
14995127
14175928
14134971
14126780
14462671
13078224
14118609
14347987
14823127
12881629
14880487
13381360
14651121
13545207
13725433
14716667
14282492
14426753
14446344
14413584
12961752
13872916
13094678
13643560
13430575
14438198
14987065
12922684
13840195
13373253
14044999
13053769
13332308
14716757
14528352
14675811
14298983
14905199
13741936
13709170
14635667
14217079
13365112
14159740
13651839
13995906
14217091
14708612
14471047
14979735
13373324
13447063
14225306
13954972
13414301
13569951
12955552
14725031
14323625
12881835
14069680
13248499
13676485
14364614
14635681
14462922
13782989
13938648
14299102
14755883
14823393
14823410
12955635
13135865
13357056
14774955
13717520
14643218
13651992
14807070
14086181
12995932
13865008
14774322
14610492
13447229
14479427
13042358
14831686
13577089
14782543
13889616
12890194
12930404
14291040
14733409
13111397
13447275
14790765
14233710
14340218
13652091
14864519
13357197
14274708
13602965
13316253
14512295
14413992
13611197
13553858
13242564
13324486
13865161
13136074
13799627
13119696
12964051
13553880
14463201
13086950
13258983
14340341
14594294
13947130
13758721
14176514
13611267
13209866
13299982
13381903
13349142
13201689
13291808
14422308
13447463
13005097
14905651
12923188
13095229
13324610
13259076
13406533
14094662
12890439
13168968
13807950
13414735
14995794
14815571
14700885
13889879
14340450
13537635
14913893
12914065
13521258
14814612
13087100
14896533
14227521
14578064
14479768
13275549
14528938
13881776
13955509
13627832
13324734
13382080
12906949
14127559
12890570
14692816
12898771
13742550
14488026
13455835
13717987
13201894
13570542
14176751
12997108
13357568
13832706
14937515
13890054
14201361
14782998
14103064
13996577
13955619
14201380
14275111
13914677
14160451
14553673
14307916
13800018
14021208
14004827
14265786
14733918
13767265
13496932
14299759
14701168
13881978
14625665
14529154
14684803
14757692
14824074
13841037
12972689
14111379
13062807
13882009
14635675
14635680
14202992
13406883
13324965
13759147
13759152
12882609
13218490
13808319
14414529
13464279
14078690
13505254
14881515
14152434
14168825
13103866
14693118
14758664
14033708
13234966
12923680
13562663
13480744
13841214
13701956
14218062
13554521
14938970
14324572
14889822
14759336
13136757
13259638
14439306
14357390
14562197
13874075
13153183
14103471
13644723
13210550
13923255
12940425
14660542
14980031
13988800
13030341
12864592
14070748
13915105
13366243
14018726
13530086
14734313
14406643
13186037
13808631
14054411
14595093
13677592
12923930
14939165
13549061
14636072
14971740
13259821
14103601
13497402
14959455
13521980
13956164
13964363
14357591
14783576
13497433
14341211
14070890
13259883
14562414
13898865
13653111
14903489
14325076
13337452
13964427
13898893
14005401
14742685
13816994
14858438
14873776
14398645
14628025
14447806
14996671
14243009
13669586
13350102
14660824
13571313
14267643
14456062
13055234
14431492
13694215
12948744
13047054
12883216
13989146
14132102
13128998
13415720
13474012
14538029
14578992
14939441
14661854
13611210
13641951
12956991
14538050
12858699
13079885
13251924
13268325
14030195
14685563
14440744
13038977
14595463
14751112
13546890
14579083
13743500
12998029
13301148
13383070
12883364
13449457
14357928
12973488
13782600
14791583
14439868
14194109
14185922
13030852
14972362
13579723
13776338
13243864
14128601
14723322
13080032
14022113
14013923
12948964
14357989
14177768
14415338
14562797
14890488
14136825
14210561
14079497
12949007
14054928
13760024
13199316
13555231
12899873
14644770
12883492
14579241
13145645
12998192
14005810
14161461
13801016
13891132
12875333
13364834
13391445
14808666
14964315
13801055
13186660
13252200
13014633
14882411
14415468
13719152
13104764
14440064
13096577
14669449
14079627
13613336
13776533
14759577
14333594
13711006
13424289
13907622
13653672
13964970
13022891
14265970
13088433
13719219
13358780
13457088
14341843
14071509
13096665
13407964
14759645
14276321
14235944
14956279
12982008
14006011
13539073
13342472
13252369
13956882
13473555
14161684
14087966
12908320
13793059
14071591
13563688
14587689
13400371
14464829
13088575
13645655
14301018
13241999
13734885
13096812
13293425
13801336
12949372
14268285
13383554
14555011
12867460
14866311
13531020
12957581
14776210
13563799
14006169
13383582
13883720
14179983
13260735
14661581
13973454
13236176
13408210
13768665
12949467
13473760
13080558
12965883
13195267
13187079
14104585
13948939
14854577
14620693
13580311
13654042
14350363
14940191
13012656
13473826
13260837
14145574
13989930
14506039
14293054
13056065
13228122
13834332
14514270
13121635
14047340
14489711
13555824
13170805
14325897
14809228
14407829
13088919
13613208
14006446
14907569
14055602
14660639
14325952
13342918
13785289
12941524
13105365
13801686
13567323
13760732
13261022
13596895
14801123
14899433
14334191
14342385
12925181
14219518
13859071
13801741
13474064
13326609
13351188
13957400
14489884
13990177
13130018
14866723
14178596
13121832
14489900
13121843
14055735
13179193
13367612
14489922
14227784
13023628
13629775
14588248
13646176
14629236
13195641
13105530
13269377
14883208
13629835
14326156
14543345
13728166
13990311
14670248
14383529
12884394
14072243
14522812
14096835
13498821
14703047
13228490
14711246
13441487
14055896
13859291
13212125
13605347
14195174
13801969
13564420
14907921
13687314
13302293
13351453
13384224
13556259
13642161
13883954
14367287
14817849
14195258
13752893
12859966
13351487
14826048
13941315
13515349
13777495
13056606
14511888
14740407
13752935
14096828
12892787
13248351
14269054
14047873
14693929
12982926
14359183
13654672
14957206
14129818
14654116
13145201
13662899
13753015
13327037
14179006
14482121
14293712
14097131
14490353
13728498
13105907
14539510
13482748
12942078
13662977
14433038
14350808
12876570
14555933
13679390
13572898
12876579
14998311
13663017
14785330
13400887
13835069
14687040
14056257
14596935
14031692
14080847
14187362
13138789
14482281
13638509
14269300
14654333
14687102
13663105
14433158
12934027
14023572
13589397
12876698
14015388
13392803
13941233
14564265
14613418
12988231
13646764
13581229
13663152
13130675
13941684
13392829
14531521
12893124
14834629
14269382
14949323
14640292
14531555
14900221
12893188
14801929
14662669
14851089
13761554
13941780
13900821
12909594
13728798
14597151
12975138
13343783
13100213
13974601
13366457
13982808
14163036
13728862
14130271
14146676
13243582
13540472
14335097
14777467
13696133
14261382
13917320
14195852
12885134
14769313
13245603
14318764
13475699
14441656
13679136
13909188
14097607
14192503
12909782
13810909
13475039
13827301
14097641
13409514
13559447
14900461
13311218
13761779
14212342
13589757
12889986
13442318
12893460
13384981
14310681
13417770
14080562
13745455
13073722
12926276
14441799
13966664
14736718
14704525
13942102
14842425
14196063
14400864
14887485
14851442
14032243
14671222
14261625
14310788
13950870
14605703
14687633
14450069
13933974
14179736
14253465
13254049
14998964
14179772
13950399
14684064
12901826
13286852
13680072
13802953
13303247
14015952
13417944
13000158
14805253
14695913
13114863
12910064
13196790
14900737
14786051
14024197
13803015
14712337
14204436
14188059
14548509
14409249
13980936
14122565
13975114
13319761
14949973
13147736
13942363
14810717
14401120
14548580
14155386
12869256
14278287
13409946
14824730
13221538
14966438
13647529
14212779
13917878
14982840
13655741
14433991
12926664
13557711
14515933
14976293
14705958
14384871
13573874
13893364
14163710
14360327
13369099
14802700
13889496
13852440
14909216
14106408
13131562
13844273
13918002
14917436
13901632
13451074
13991748
13359758
14671703
14573401
12869467
14253919
14540645
13582184
14565235
13180796
13959039
13074307
13426566
14016397
14507925
14155670
14761882
14720925
13557668
14524328
13868970
13246381
14084577
12894132
14229430
13017026
13262794
13844431
13180880
14417875
13770722
14678695
13819885
14802926
14516217
14237694
14688255
