10588189
10133506
11008005
10702854
10782721
10510344
11129516
11284491
10694668
10971149
11391603
11311790
10524694
10270744
10020892
10035229
11071519
10674208
10063905
11073570
10378587
10915846
10100778
10897415
10070060
11061293
10399790
11349341
11031458
10817585
10666035
10926132
10192949
10766390
10561591
11135974
10553403
11321404
11378749
11193013
11329547
10457333
11329605
11397194
10690635
10045516
11227213
10508366
10246223
10405968
11244500
11247700
11147350
10451033
10815578
10115163
10332256
11366497
10944610
10935995
10199141
11147368
10008684
10344557
10956477
10989680
11403063
11227254
11233400
10451068
10492029
10354815
11083904
10344578
10608771
10337302
11182215
10068104
10738028
10934410
11294392
11227279
11108376
10013379
10299758
10510487
10018968
10826095
10027164
11121690
11313570
10741925
11161969
10465308
10371244
10440877
11320661
10037277
10835656
11057330
11176115
10601562
10484425
10494136
10762612
10021050
10596542
10883267
10389700
11040138
10723529
10654071
10203340
10664141
10053838
10878028
10559697
10887378
10361047
10817752
10737881
11331802
10811612
10769120
10940638
11341861
10848481
11004131
11207550
10406118
10014952
10367209
10973419
10823917
10428655
10105073
11321586
10873075
10298230
10543351
10859220
10098938
10328315
11362556
10129450
10066174
11405571
11073683
10160390
10420488
10004747
10381581
10416856
11276334
10426646
11108632
11110682
11352556
10174749
11024670
10684703
10888601
10287393
11292962
10578211
10094885
11018535
11291842
10111273
10471722
10912768
10076463
10105566
11177683
11118903
10823997
11356478
10080576
10638048
11030850
10451267
10713413
10117447
10367308
11181653
10109264
11309393
11053395
10514773
10799447
10019160
10813785
11362017
11024732
11363040
10312030
10926431
10592608
10355042
11247973
10662246
10158160
11395433
10846951
10535276
10385774
10795375
10539377
10760562
10504564
11331958
10264297
10191226
10555772
10869121
10508674
11136672
11284868
11409278
10826261
11256202
10723735
11360881
10236301
11241597
11284880
10015122
11120470
10491289
11279707
10774582
10666399
10414496
11047330
10622363
11362725
11186598
10092967
11336719
11043243
10453421
10482094
10586544
11043250
11246004
11061685
10105270
10072504
10693051
11065789
10844606
10664385
10803907
10572230
10205639
11300440
10609097
10314186
10608375
11246029
11231695
11428304
10127827
11253838
10508025
11162072
10965465
10631247
10365404
10781434
10064350
10715615
10240080
11033455
10838500
11239846
11004392
10981866
10641900
10828273
10093042
11100901
10992117
10353143
11057659
10285564
11187285
10652160
10742273
10379778
10973700
11403781
10052104
10240522
11000331
10100482
10103213
11104784
10881553
10236434
11238911
10210734
10521111
11303451
10107421
10324741
10037793
10670626
11041315
10213925
10457639
10891818
11122521
11158065
10447410
11285046
10912521
11309492
10132033
11402678
10787398
11027016
10990154
10205773
10064462
11121231
11246008
10474595
10033748
11406777
11074136
10865423
10240607
11246176
10776780
10697147
10973264
11241797
11192935
10830440
10660457
10316394
10101356
11045486
10074735
11147210
11298920
10664562
11006579
10140277
11195002
11250411
11137813
10594950
10860652
11288343
10973836
11389581
11076765
10998419
10381973
10263191
10484379
10848651
10392221
10039966
10996383
10150561
10338978
10107556
10830502
10961575
10560168
11334313
11059882
10777260
10871469
11266734
10777264
11139764
10070709
10871241
10787512
10887269
10273475
10066633
10887883
11064013
11214285
11356882
11111203
10416852
10678998
10146520
11118256
11064783
10191582
10552032
11031265
11381193
10418916
10543910
10562278
10021607
11178108
10971882
11240231
10740461
10474222
11031279
10347249
10146546
10802643
10029829
11287286
10914552
10650362
10887295
10982795
11341610
10463999
10670849
10408706
10588931
11364759
10105605
11041542
10859271
10285833
10572555
11008780
10781455
10818321
10504979
10388245
10193687
11373336
11033370
10725851
10117926
11216689
10005288
10512860
10056490
11242285
11145648
10600926
10605366
11235465
10016124
10965818
11134090
10786613
11158336
10011457
10191684
10050377
11004747
11252558
11168909
11060049
10199891
10828629
11267583
10863449
10007387
10992476
11144029
10660574
10625889
10716002
10390383
10097511
10339177
11314910
10154860
10603373
10468206
10412911
10046320
10236786
10384243
10619764
10638197
10224502
11044448
10005370
10685930
11055998
11281557
11121536
11012994
11391496
10617665
10072969
10492812
10582925
11033486
10716048
10970004
10202005
10294167
10144665
11142042
10197915
10818460
10195870
10468258
10015651
10687400
10815644
10331052
11330735
11007215
10707890
10913719
10032054
10429367
10146745
11111907
11287371
10571923
10902469
10869921
10216392
10347465
10715639
10734541
10042318
10724136
10685851
10709969
10157012
10400725
10862437
11278294
11070427
10161116
10869325
11086816
10243041
11015140
10222566
10382312
10187753
10640366
10841597
10480625
10206194
10789875
10468341
11014508
10171388
10281981
10085376
11060225
10901334
10720264
11091235
10382346
10503181
10660648
11097104
10685457
10810387
10298390
10859543
10103833
11011502
10664987
10026015
10452002
10335267
10525732
10962438
10667046
10699043
11052501
10718253
10464304
11258376
11080754
10777651
11189769
10527801
10613818
10925122
10658263
10062919
10394696
10468425
10736715
10118220
11070541
10832974
10472527
10730578
10034260
10103893
10941526
11131993
10212442
10880092
11271261
10095711
10550369
11270371
10286179
10880104
10923113
10930706
10290286
10757231
10116209
10650742
10718057
10263679
11379161
11188075
10971283
10099847
11029642
10853515
10161293
10001550
10900623
11332803
10468501
11400343
10265755
10202269
11412638
10058912
10713968
10083491
10519716
10120357
10565489
10953076
11379882
11052203
10965874
10807837
10052808
11252595
10106036
11021493
11089081
10652858
10718395
11181941
10681589
10878539
10774731
10042230
10345670
11321889
10443976
10341577
10128589
10239181
10089680
10684280
11361517
10458319
11244765
10429662
10252837
10896608
10366183
10050792
10069227
11138284
11071698
10974447
10243314
10994405
10775796
10210549
10560758
11250059
10679548
10603773
10693886
11017471
11265282
10063108
11284353
10257676
10462478
10827023
11027729
10243349
10884374
10579224
10886425
10902810
11230767
10298659
11019557
10966310
10569000
10964267
11019564
10925357
10905851
10877149
10589489
11019570
11267381
10278198
11418273
10603835
10102076
11162941
10456382
10515776
11156801
10636610
10387603
10546742
10601798
10940641
11183437
10820942
10754957
10966352
10953847
10161490
10308947
11278222
11067733
10161499
11107676
11240797
10519902
10749279
10503520
11070818
10253667
11320043
10423660
11068784
10521971
10519924
11052853
11406710
11156855
10159484
10871701
10081665
10726787
10997124
10497417
10319242
10108299
11097484
10198499
11105682
10634645
10141079
10085785
10859930
10541295
10608029
11095454
10147231
10352034
10503067
10598641
11037596
11246394
10663341
10335662
10862493
10194352
10536369
10362290
11179446
10544713
10921204
10915743
10098111
10362443
10745284
10956022
11046991
10786253
10796617
10423759
10446288
10104273
10302931
10491348
10141141
10505689
10167771
10526172
11264250
10993119
10092001
10229218
10245603
11403174
10417638
10550761
10489322
11177651
10837486
11304433
10774278
10812916
10543700
10395130
11101691
11297661
10524157
10051071
10388994
10640899
11318789
10765830
11168684
11310603
10870286
10067471
10872408
10907397
11206574
11132439
10223128
10305054
11318815
11406880
11359777
11346980
10903078
10599976
11001448
10118699
10128941
11134510
10491439
10264112
10470961
10358324
10030646
10137144
10069561
10520123
11331136
10376800
10632770
10282569
10573386
10276427
10645068
10659235
11390542
10154253
10919505
11419218
10577491
11028053
11085398
10755671
10651224
11009626
11093307
10782303
10088032
11317719
10126947
11112038
10206824
10219115
10503789
11066990
10118768
10919537
10495602
10169971
10522228
10038903
10676831
10073725
10710654
10845825
10622595
11037974
10446472
10118798
10878615
10180250
10481307
11288220
11327770
10827423
10759840
10258081
10593954
11063297
10088103
10788520
11292330
10151598
10239664
10006195
11090644
10409656
10297017
10791199
10610634
10935805
10669760
10196679
10311368
10241737
10014327
10988215
11247312
11275985
10163923
10710659
11062997
11335383
11341321
10634969
11064049
10884830
10868449
11030243
10049255
10270440
10004201
10387179
10401518
10657519
10325746
10841726
10448631
10374904
10464212
10090238
10206978
10166021
10362522
10694408
10782476
11381365
10141459
11239190
11132889
10680089
10352410
10744111
10000160
10891041
10186532
10851633
10542044
10231594
10055467
10323756
11120927
10372913
10458930
11308852
10348341
10262327
10460930
11202364
10479423
10547013
10477382
10714952
11237065
11151671
10987343
11380561
10706770
10928099
10418004
10491733
10778454
10821463
11052889
11382619
11349102
11022173
10704739
10040294
10790758
10475367
10899304
10147691
10303340
10104685
10202993
10774386
10098549
10295160
10248057
10923899
10850172
10495869
10553214
10053505
10327941
10624904
11053036
11329418
11043479
10906523
10903438
10491791
11421587
10892475
10143639
10909593
10823578
10413722
10548549
10344354
11174555
11081030
11308966
11231143
10463144
10825641
10437618
10821075
11392418
11005872
10401713
11126387
10977175
10914462
10637239
10801080
11401145
10334139
11401149
10432448
11099382
10923970
11233219
10268615
10829768
10416073
10330058
11300812
11364301
10985422
11155409
10946147
10522581
10950614
10909655
10205860
10393562
11253725
10180574
10563920
10782715
10018796
10557422
10639343
10364918
10575863
10297339
10915836
10727765
