30965763
31357612
30957579
31117325
30879758
31332372
30853141
31260696
31365147
31240225
30836772
31174695
31072604
30820396
30785581
31100982
31281207
31113275
31391805
31293505
30976011
31389764
30853193
31481931
31047693
31250516
31197274
31330397
31172709
31463541
31174775
31336568
30867580
31351308
30998656
31006852
31299721
30771339
30816398
31197336
30818457
31291546
31017118
30919024
31079451
31361194
31060141
30875824
31242418
30798005
31418550
31023292
31256767
30867654
31440929
30853321
30908619
31277260
31488206
31160528
30992597
30984409
31460730
31011040
31217891
31092967
31156458
31014610
31176944
31312116
31222005
31473914
31004928
31043841
31201540
31527173
30820619
31265036
30767373
31008971
31406359
31428888
31521051
31230237
31461654
31206449
31428905
31203719
30794028
31024178
31189295
31398203
31121120
31529282
31451459
31172621
31492424
31476041
31277389
31443925
31230300
31390047
31512976
31181159
30949741
31023472
30847352
31080829
31530033
31015303
31420809
31359637
30968213
31512984
30835097
31437220
31259045
31494566
30796200
30972329
30935470
30785968
31236529
31432777
30839230
30839232
31189442
31318467
30793463
30847437
30973005
31029713
31076818
31302108
31216093
31360117
31234531
31434765
31007208
31338987
30982638
31115689
31505170
30919172
31058441
31357451
31212044
30981890
31517198
31027727
31269405
31177248
31189424
30775846
30888490
31167026
30804531
31294013
31463998
31040063
31285827
31451716
31486534
31001162
31457868
30870106
31464890
31105630
31427167
30935652
31130213
30934802
30851696
31294066
30839411
31351413
31272041
31444756
31313345
31349388
30958221
31046289
31187604
30780053
31294103
30796442
31299354
31523497
31442375
30866092
30960303
31169211
30823103
31468224
30927554
30773956
30988998
31521476
30868182
31367896
31046367
31308513
31270011
31232741
30993131
31136497
31056629
31435510
31489833
31240961
31253633
31193872
30960402
30952211
31398676
30827293
31410797
30772010
31460487
31503150
31097648
31179574
30927673
31017786
31056707
30925637
31046470
31310671
31310685
31122274
31028072
30995305
31208299
30978924
30931821
31295976
31168319
31050620
31089536
31050629
30868362
30923659
30978959
30907281
31396754
31296403
31434564
31288218
31342063
31249904
31455046
31359041
31345575
31226792
31122350
30780339
30931892
30872503
31120320
31249345
30794695
31220680
30766027
31400910
31503208
31271891
31382484
31275989
31435735
31136732
31485776
31179750
31189991
31333367
31239164
31416490
31419398
31151116
31312917
31491094
31448089
30817307
31305239
30938159
31196209
30798898
31087669
31071291
31056961
31355971
30874694
30798919
30774344
31226953
30975053
31149134
31329359
30995544
31099994
31333467
31138915
31366246
30968937
30911336
31290482
31186036
30825589
31446135
31057018
30868603
31161470
31102081
31184002
31417195
31523972
30940294
30899335
30938251
31329420
31118485
31460513
30917797
31485099
31022261
30774454
30786761
30944445
30831806
30948544
30811331
31122631
30889161
30940363
31380685
30831824
31298771
30868699
31083748
30858472
30840041
31055095
31180024
31362300
31344853
31339776
31409024
31356164
30813446
31034632
30913807
31276304
30985489
31261970
31149335
31370520
31395098
30905630
31477025
31401179
31161643
31473388
31163698
31214131
31370554
30852414
31184191
30948673
30821701
30887238
31075655
31155531
31173966
31290714
30786913
30862690
31372646
31008107
31262062
31461949
31411569
31358330
30979454
30799232
31104391
31325577
31171981
31523477
31104410
31436187
31525786
31139230
31018405
31169963
31309229
30799279
31126962
31174069
31376822
31149498
30830011
31251900
31129024
30922177
31262146
30916039
31512011
31505868
31100939
31339768
30909906
31008213
31526359
30930395
31492346
31266281
31411694
31309295
31235568
31135224
31446523
31075836
31198718
30955776
31239682
31321603
31284743
31108621
31292334
30844439
31159841
31198760
30844462
31128158
30893623
31225407
31012419
30930500
31059528
31258185
30981707
30815820
31260941
31143515
30854751
31302929
31077992
31305329
31362679
31037055
31209089
30826114
30840453
31121032
31088270
31119981
31370902
31100567
31086233
30910107
30963356
31274653
30842533
31082163
31256245
30801590
31454906
31309500
31215296
31397572
31035077
31501733
30840524
31260367
31176402
30809812
31477524
30797528
31459035
30869213
31432414
31179373
30865120
31352549
30933287
31434476
31313648
31149810
30897911
31530744
30914297
31309562
31377150
30973695
31102721
31215362
31231748
31477510
31291693
31266576
31147794
31348499
30959380
31080213
30879514
31074075
31381279
31108897
31319842
30840611
30942172
31196975
30953266
30863155
30814004
31127353
31291359
30887743
31401794
31041348
30816070
31137607
31520588
31215440
31493774
31164249
31348575
31477600
30846818
31400251
31085542
31262567
31087591
31051632
31262586
31528255
31401852
30812029
31016831
31295360
31031171
31235975
31338381
30945171
31426861
30842777
31328161
31522728
31479279
30840746
30922670
31348659
30959540
31287222
31268796
30963646
30879679
31033280
31152080
31258577
30791635
30818268
31272926
30930597
31386620
30844921
31143931
31369213
30810110
31471615
