20385792
20557825
20869122
21051396
21230934
21245419
20189193
21375443
20938767
20111376
20572177
20629525
21045272
20099097
20967451
20052000
20969505
21057571
20793382
20684839
20181032
20777002
20170795
21423664
21071920
20820017
20652082
20809054
20604982
20568120
20604986
20160573
20199486
20250687
20142153
21307466
20771170
20349007
20644536
20697170
20011091
21080148
20432981
20416599
20082777
20979802
21170268
20372154
20612473
20377698
20958907
20258917
20949094
20613137
20600936
21127868
20978024
20465778
20988027
21241101
20172919
21213304
20443258
20557947
20437116
21092477
20009086
20881536
20844673
20574338
21096581
21035143
21323915
21194434
20287630
20875629
20686996
21233737
20306073
20299931
20762782
21150747
21127335
20553897
21104811
20045996
20672687
20064432
21041329
21117669
20926645
20211895
20289724
21041343
21330112
20956549
20699331
20494532
21285238
21317830
21063713
21291364
21336418
20969677
20393677
21115256
20492499
21255486
20881622
20435159
21336280
20207833
20994266
20629725
20478174
20534309
21389538
21247355
20431077
21092585
20447466
20120615
20979950
20357359
21172466
20568308
20582646
20044025
21136767
20340989
20017406
20343039
20809984
20941011
20984066
21151787
21408005
21167489
21082376
20015369
20361482
20424973
21152015
20697816
21084439
21375256
21342718
21179098
20479365
21160224
20820258
20420899
20572452
21110449
20289830
21147943
20742440
21185664
21004587
20834606
21178671
20248880
20078897
20781364
21397802
21193732
20472121
20965690
20877284
20443454
21234220
20625728
20880096
20197700
21244229
21281096
20096396
21158218
20785766
21373325
21018965
20466745
20232537
21174619
20814174
20844895
20746486
20273506
20572516
20169062
20091240
20250987
20549996
20187501
21062000
20724082
21014901
20498806
20797816
20414841
20305983
20248957
20322693
21410184
20794775
20445581
20336018
21060392
21205392
21270929
20205972
21023470
21364121
20838810
20347293
21308485
20711842
20122019
20760996
20011431
20302248
20234665
20054443
20859634
21287325
20824496
20597169
20765106
21373683
20887989
20897831
20617655
20529592
20797172
21350842
20517309
20816318
20765119
20490688
20302274
21332253
21400007
21025225
21424588
20308429
20335055
20416979
20820607
20730329
21070298
20911293
20087260
21054202
20117982
20521439
20763109
20552103
20498925
21307886
20251389
20924840
21019122
20533747
21107189
20883958
20728311
20460024
20682319
20515326
20273663
20920834
21099014
20009481
20857356
20146701
20781582
20470287
20386320
20666899
20425236
21037589
20664068
20398619
20464158
21107179
21406240
21408289
21414434
21414946
20986405
21158439
21146460
21201449
21401351
20761132
20161071
20337200
20165169
21077310
21228084
20286006
21393229
20748383
20820540
20630079
20261442
20116036
21133893
20437575
21172795
21152331
20798030
20990733
20238928
21361233
20058706
20134670
20929110
21250650
20118287
20544093
20271205
20933216
20177506
20071011
20097637
20257382
20705895
20686268
20197995
21209701
20052591
20159089
20376178
20569875
20892279
20695672
20841901
21052030
20614196
20722304
21426624
20542083
21080854
20859528
20816522
20497036
20069005
20959886
20095632
21322385
20138642
21377374
20550293
20531863
21054104
20218522
20036251
21384603
20648605
21220805
20551251
21203617
21389629
20073123
20562599
21373685
21179049
20726444
21315698
20290222
20196019
21180017
20474552
20425402
20814524
20294333
20812852
20536001
20171458
20800198
20069069
21194189
21185233
20814550
21343353
20028120
20062938
21353179
20806364
20071134
20085471
20185824
20544226
20886243
20718308
20277989
20740841
20959980
21289709
20331246
20792048
20663025
20065010
21115347
20927614
21220086
21361399
20725018
21334780
20464381
21043967
21277440
20747392
20079362
20790077
20183814
20230919
20769547
20329228
20750251
20286222
20210447
21068563
20976406
20827517
20708120
20122393
20716216
20347680
21310241
20077346
20889051
21306150
20216616
20693468
20331310
21243357
21296264
20302435
20890419
20710196
21393886
20304696
20286266
20699965
20732740
20241222
20120392
20036426
21257036
21332817
21279886
20574009
20626916
20589402
20097883
20376412
20755258
21218485
20769485
21328740
20878183
21194556
20444010
20263787
20568943
20458354
20497726
20329332
20251510
21224311
20370297
21226362
21261180
20667882
21163157
20165505
20624875
20624260
21335873
20431753
21412503
21212514
20032399
20921232
20362132
21086361
20845464
20554649
20812698
20390812
20620190
20935584
20120482
21042084
20622245
20845480
20717383
21132786
20661166
20161456
21285704
21113778
20731379
20702247
20208571
20671424
20978625
20954050
20157382
20523976
21279223
21294029
21105615
20239312
20210643
21389481
21027799
21146586
20626210
20763615
20333539
20976612
21240805
20497382
20532199
21008447
20616171
20787026
20329455
21197809
20924926
21421046
21304311
21271545
20204031
20550652
21233766
20986879
21146625
21089177
20857860
21094914
20362254
20882449
21366275
21036055
20534299
21058394
20558879
21290016
20489250
20511781
21019686
20083751
20802396
20755498
20219058
21040176
20546609
20960306
20339763
20565044
21412917
20929590
21023799
20106297
21050431
20167744
20810817
21136453
20065353
21165131
20376652
21032013
21345358
21023825
20937811
21064109
21360484
21307284
21298703
20874651
20972637
20075614
20787045
20761104
21347515
20411492
20626534
20180071
21127930
20092010
21298706
20630638
20798575
20075632
21355637
20829302
21253993
21174804
21271674
20255870
20137087
20163712
20792449
20057221
20407432
20272267
20276366
20685968
20057234
20591811
20805458
21179351
21379778
20608156
20196509
20206750
20264095
20749477
20522150
20894887
21233370
20210859
21111980
20210861
20653231
20812976
20233394
20376757
21054431
20391101
21184373
20208832
20620481
20186307
21056711
20513570
20493516
21089826
20741326
20946533
20446416
21142740
20788438
20475096
20243675
21046494
20251872
21015777
20374754
20006115
20819174
21365993
20415722
21056748
21091197
20620528
20100337
20059378
20434163
21392631
20550906
20552956
20145706
21342080
20616454
21361537
20939308
21349930
20598029
20925710
20057361
20970770
21300500
20366613
21218582
21300503
20368666
20933915
20651294
21411103
21099056
21095816
21022915
21302570
20041004
21407282
20233519
21329459
21172391
20249910
21269385
21112124
20454718
21019968
21054785
20288835
21079366
21396809
21259595
21349273
20421970
21167331
20223318
21077335
21374718
20065629
20804958
20854111
20319586
20421987
20520292
20145513
20018540
21263727
21087601
20127635
20450676
20673910
20403092
21329581
20931135
20090237
20258175
21347712
20983783
20328141
20697323
20338053
20581768
21382380
20936074
20307340
21251470
20422034
21013909
20256151
21060164
20041115
20381084
20358563
20913574
20841713
20780274
20848048
21379310
20405683
21243316
20945822
20637257
20708793
20610491
20442556
20336061
21366688
20084165
21308871
21319113
20803019
21253149
20671394
21091790
20587983
20282833
20278739
21032404
20686293
21009879
21030361
20249378
20999418
21358046
20749795
20065764
21063142
20307431
20286954
20516331
20301293
20545789
20798960
20248050
20413939
21134837
20663798
20746153
20899321
21290669
20614652
20155907
21200913
20098565
20923914
20962827
20303372
20276749
20295182
21203232
21394961
20317714
20758038
20370967
20137499
20690460
21075487
20266527
20358688
20944418
20092453
20897372
20063786
20270636
21048877
21106222
21354610
20497970
20489779
20246068
20043318
20722045
20895290
20574815
21334588
20520511
20428352
20506178
20704837
20799046
21048904
20432457
20201034
21239735
20827726
20602125
21225040
20399699
20655700
21227094
21399127
21144610
20862802
20790879
20895330
21425763
20489829
21370470
20434536
20299374
20301425
21243198
20780663
20817528
21421691
21188220
20184701
20117119
20704896
20391553
21013099
20205190
21089927
21073544
20084362
20020885
21214870
20790935
20313756
20387485
20887199
20962977
21411494
20864679
20989610
21260914
20258479
20569777
20385458
20604598
21077961
21406562
20346555
20981436
20569789
20941730
20502207
21093102
20756162
21308363
20014790
21376712
20094669
20772561
21236450
21180122
20063963
21298909
21236041
20993759
20428513
20686589
20414180
21401893
20553448
21235433
20049643
20891108
20818155
21130992
20680433
20383476
20311797
21098230
21020407
21339972
21123028
20732543
20006652
20188925
20049662
20686592
21387246
20201218
21018641
20360964
20133505
20055816
20971109
21024525
21101970
20817681
20090643
21404735
20807447
20838168
20580121
21269807
21221338
20383518
21363333
21069600
21098274
20741083
20016932
20619045
21190961
21206827
20965164
20719405
20524847
21416694
20307764
21119634
20121401
20514619
20092732
20987713
20586308
20864837
20631367
20670280
21315895
20932428
20291405
20793168
21196625
20164434
20762453
20377433
20430684
20277087
21362528
21380961
20432738
21012324
20164453
20000615
20561769
20207466
20750187
20326253
21285181
20559848
20813683
20301684
20123509
21372790
20955343
21264199
21372793
20612988
20352661
21233536
20526977
20977538
21423844
20367237
21069703
20232073
20008842
21315223
21198736
20463507
20125588
20258798
20692887
20184984
20862875
20463518
21204895
21224837
20889505
21030820
20213670
20459433
20672427
21082029
21252197
20832925
20092850
21397430
20998473
21012408
20672616
20897439
20080573
20469700
20660168
21069769
21153123
21391308
20146126
20932559
20266960
20721656
20025298
20992675
21002196
20324311
20361986
21070843
20275172
20869093
20864999
20250600
20213737
20796120
20227410
20324334
20461551
20326384
20985842
21133299
20396022
20713464
21168121
20563437
21331965
21320420
20144127
