25409536
24991747
25534470
25626631
25273004
24885258
25266187
24336397
25042963
24911892
25389077
25597974
25047063
25341976
24619037
24993823
24371233
24473634
25480539
24680485
25235494
25266215
24428584
24993835
25679916
24797229
24404014
24447023
25412489
24463409
24430645
25374780
24751114
24993855
24404032
25387073
24963139
25239620
24436806
25120439
24744016
24303697
24494162
24928341
24969302
25568953
25170010
25547131
24572002
24877156
24962065
24881258
25421561
24967276
24498287
25178226
25014387
24414324
25179156
25703755
24424571
25196670
25136149
25712941
25675762
24348806
24932487
24895626
24529035
24975501
25649294
25352336
25672113
24841923
24699028
25354389
24989846
24289432
25346201
24326298
25645214
25224350
25622691
25065841
25098410
24733867
25648791
25203400
25427019
25121822
25012407
25605311
24938685
25284798
25149632
24539330
24948932
24723653
25135302
24459297
24785096
24719563
24985634
25470938
25264337
24717523
25051349
25225432
25125082
25219292
24492253
24328414
24453343
25071841
25224571
24418534
24649959
25067754
25673426
24877295
24485928
25475317
25241850
24586493
25512661
24584448
24402177
25051394
24570115
24455432
24474668
24375563
24484108
25610509
25073935
25037072
25461464
25528594
24539411
24815892
24988729
25653977
25643288
24326425
24526895
25268508
25252125
25571614
25557280
24670497
25110574
25223459
25055524
25558406
25583910
25686311
25370923
24942893
24742192
25580668
25336118
24674617
24908091
24856629
25416002
24314183
25098570
24660299
24624866
24510798
25104721
24484579
25168222
25444693
24422743
24650072
25258329
25579866
24920413
24353118
24695135
24998288
25612006
25663846
25250152
24610535
24828271
24826225
25078130
24938869
25020791
25012600
25018772
24387962
25538939
25690492
25324608
25434499
25485705
24304011
24607119
24394128
24363411
24695188
24965526
24744346
25180571
24799645
25008543
24764832
24691105
25537479
24676775
25285033
24975786
25194412
25475501
24744366
25592221
25586097
24531378
25522611
24730038
24494520
25481657
24771003
25308234
25351925
25663936
24508865
25283010
25327691
24713671
24299976
24832459
24580557
25575887
25421560
24931406
24803798
24726265
25143769
24709594
24984031
24910304
25213691
25367012
24861157
24697321
25188842
24443303
24879596
25473106
24695278
24912367
25181048
24302066
25475571
24363509
25023913
24648184
24435193
25020925
25645567
25518597
25045510
24856321
24343049
24613386
24467979
24324621
24601103
24758800
24588817
24750611
24431124
24756757
25518128
24410651
24312348
24904222
25007877
24670753
24947234
25641508
25182891
25231910
25076263
24771118
25463344
25344561
25043506
25338922
24965686
25698246
24638009
25326138
24699452
24314431
25401920
24533569
24500802
24586819
24805957
24642119
24877641
24881740
24756815
25629983
24866232
24996434
25508436
25332311
25383512
24969316
25123418
24904283
25453148
25434717
24582752
25703010
25602659
25377319
24525418
25268851
25006716
25094783
25008769
24316546
25002629
24298119
25461868
25131658
25342063
24664716
24976013
24382095
24539792
24894232
25406098
25301651
24984991
24754838
25392359
24763035
24720028
24330909
25572003
24863397
24951580
24543915
25014956
25195181
25047727
24517296
24511153
25035443
25705140
24974007
25402041
24500924
24394429
25236158
24693439
24953536
24989694
25363138
25430475
24605380
25146053
25320135
24951496
24922825
25191114
25287371
25635532
24433357
24891853
24527571
24347349
25545431
24816344
25582297
25359251
25443038
24896223
24633467
24390372
24916712
25148137
24851178
25105191
25656786
24629999
25028392
24361718
24929015
24527608
24515321
25076203
24845053
25576917
24861443
24359685
24904454
25244425
25655767
25084686
25501681
24980767
25017816
25156439
25076499
24832789
24658712
25206575
24920860
24335133
25340702
24769702
24941344
25006881
24864902
25488166
24836903
25508650
25084715
25512748
24431410
25226036
24628025
25577951
25070400
24949570
25279299
25353028
24992581
25529159
24531784
24732489
24304459
25005524
25307358
25027411
25359189
24691513
24884056
24372058
25543929
25072477
24384350
25236322
25631547
25021278
25455462
25600600
24433513
25338732
25066349
25637413
25615215
25021296
24499058
25523060
25533303
24705912
25435003
25285500
25502589
24808319
25197440
25291811
24816107
25172868
24337285
25582472
24388489
25015178
25021323
24798094
24730513
24980371
25469844
24939416
25441092
25236437
25661935
24482718
25224099
24480679
25709349
24931243
24626095
24869812
24406965
25142198
25432905
25702840
25529277
24468414
24300480
24693697
24628163
25181124
25365445
24918983
25007915
25017290
24893551
25504930
25625552
24396753
25242787
24930126
24462295
24622042
24568795
25623521
24552421
25439206
25024337
24470505
25564138
25089004
25550134
24853488
25220947
24950270
25549815
24591352
24978425
24398846
25578325
25371648
25414660
25267205
25239041
25537544
24658954
25082891
25687052
25254925
25019407
24790033
25439250
24845332
24706069
25594904
25343002
25710426
24687646
25469984
24822818
25107491
25616902
25629737
25277482
25149959
24405036
25461806
25395185
24945712
24560690
25457715
25621952
24482654
24949814
25639433
25371265
24366137
24458298
24661051
24555100
24705547
24767556
25187398
25150535
25089098
24906827
25316428
25473890
24556622
24465933
24835154
25269332
25681422
24888407
25508953
25121978
24573024
25166352
24978530
25584827
25452283
24460393
24427626
24491115
24347756
25287789
24804464
24517747
24536181
24437879
25177209
25353339
25459717
25513085
24771712
25543872
24292482
24317059
25402507
25408655
24847896
25248914
25597739
25492636
24992926
24663199
24679584
25593020
25330423
24871451
25149638
24755366
24964263
24984745
24618154
25144492
24511662
25405156
24421556
24538293
25023670
24825016
24511674
25463327
24851644
24315069
25519294
25552757
25058496
25291969
25335467
24890566
25540395
24736976
24458104
24927779
25569493
24808663
24714460
24646877
24294623
24472784
24362210
25233275
25443556
24521958
25183441
24917224
24530153
24949994
24790176
25068780
25322613
24388854
24915192
24597753
25189628
25274161
24339711
24554752
24714498
25486595
25208068
25128197
24454406
25476359
24788524
24960266
25146583
25085196
25663354
25187598
24454415
24640784
24493331
25029908
24941102
25555537
25632028
24456479
25600560
24302882
24489251
25343268
25425779
25138470
25690673
24528168
25048362
25414955
24978733
25333981
25582137
25326900
24972597
25271606
24606007
24749371
25464125
24780683
24520005
24323399
25709898
25537867
25621839
24599893
25267769
24565081
25109851
24485212
24534365
24886624
24778084
24825190
25568615
25070954
24881691
24343919
24364403
25097449
25626404
25353954
25214331
24661372
25235690
25704889
25060738
25593219
24696197
24620422
24989063
25206152
25691529
25621898
24489355
25572748
25512305
25591704
25517458
25490835
25222548
24919447
25015708
25431453
24532383
25431457
24366504
24337833
25226498
25712047
25443762
25175829
25157534
25221705
24481208
25363898
25212348
24931914
24468928
25185729
24450635
25667013
25621960
25514572
24387018
25167307
24679884
24634831
25214416
25445624
25124306
25544611
24853972
24622549
25368023
24593880
25538010
24923611
25338449
25513212
25130474
24986247
25346642
25144815
24618494
24616447
25273856
24802560
25316866
25594962
25479700
24378888
25157419
25489393
24520205
25636366
25316879
25155160
24815123
24870420
24776213
24391192
24743450
24811036
24854045
24446494
25353414
25116194
24839771
25107228
24675879
24338012
24575532
25321007
24844552
25284146
25341491
24892982
24733241
25652794
24870459
25701153
25372221
24741438
25304639
25265729
24305218
25500104
24477253
25398855
25686551
25343561
24510026
24358475
25402039
24768078
25321041
24772178
24769593
24311382
24866392
24317531
24372828
24371130
24692320
25641232
25124215
24778339
24835684
24354408
24399465
24745578
24608360
24773907
25162686
25296489
24313467
25235069
25521793
24667780
24807361
25097867
25312911
25298580
24485527
25268164
24565402
24602267
25349789
24460958
24755871
24561314
25384613
25665820
24412103
25298605
24290992
24688306
25052787
25604382
25095862
24411831
24696505
25149114
24849695
25347139
25476305
25257589
25602197
25057064
24809154
24626883
24792773
25595594
25583308
25702445
24608464
24286930
25394899
25665236
25644758
25292505
25428537
24784603
24848909
25470685
24776414
25624869
24692450
24815331
24520420
24473318
24287185
24444648
25444073
24307434
25614060
25597679
25659296
24309493
25362167
25069304
25122553
24608507
25515306
24958718
25171711
24313600
24368897
24428291
24397573
25201550
24989447
24424202
25671394
24957229
25356559
25245457
25479584
24426261
24655645
24960803
24942372
24960806
24858408
24681095
24323887
25046833
25648642
25360179
24422196
24923960
25441588
25401146
24586043
24377149
24966975
24409923
25225028
24852293
24993761
25053000
25028425
24733518
25519952
24837969
24657746
25063251
24461141
24801114
24486543
25677660
25081694
24414047
25509728
24836752
25671531
25047697
24422248
24930155
25539901
25128817
25279433
25108339
25430439
24778618
24838011
25159548
24467325
24467328
24592259
25120648
24512151
25103080
25366414
24792975
25106957
24291222
25259928
24346524
24328094
25091397
24440736
24391585
25614242
25379483
25388964
24483751
25386843
24536391
24829868
25432125
25173934
25264797
25401265
24512436
24696478
24545206
25673655
25493432
25425849
24586170
25350474
24958910
24465343
24659904
24289217
24444866
24717251
24915908
25281419
25022406
24504263
25069512
25135049
25532362
25515233
25517507
25237223
25530320
24442833
25016274
24561619
25280471
25079555
24309722
25153501
24989665
24813538
24836067
25685610
25252908
25065449
25378795
25432046
25368559
25382896
24428529
25470962
24823797
25116663
24532984
24461305
25041844
24659966
