10133506
9478152
9445387
9863181
9404438
10035229
9658400
10100778
10510344
10666035
8872000
9584706
9429065
10690635
9191504
9052245
8769083
9617505
9560163
10199141
9273447
9756781
9937006
9281662
10354815
10608771
9379975
10068104
9191566
10387603
9314454
10510487
10018968
10027164
8659102
9265317
8691881
10371244
8593591
10494136
10674208
9298115
10559697
9257170
9887962
10428655
9920759
8913145
9240826
10129450
9339136
9806082
10420488
8986897
8896789
9896217
10174749
9109791
10699043
9724206
10076463
9650488
8642877
9601345
8577349
10117447
9470282
10109264
10019160
8995162
9355611
10592608
8765793
10355042
9650537
8888683
9740652
9044333
9052534
10191226
9224573
9445763
9896326
9716106
8839578
8733083
9445791
9847204
10092967
9109928
8700329
8708523
10453421
9183669
9647519
8839616
10609097
10314186
9109965
9560527
9380306
8946133
10658263
9290202
10600926
10158160
9634277
9945577
10641900
9486834
9257463
9503225
9159162
10379778
10052104
9339402
9617931
8995343
9216532
8700437
9019929
9388571
9334874
10324741
8978994
8733235
9655733
9355857
8585812
8692309
9650779
10240607
9583377
9585256
8675947
10101356
9667186
9593473
9708162
8954501
9249414
9249420
10150561
10338978
8782499
9937574
8585895
8831656
10273475
9528004
8880839
9265883
10191582
9970400
10347249
8807154
9552630
10650362
8626940
9118466
9814793
8577809
10388245
8659739
8742362
8905506
10117926
8913703
8913711
9798450
10011457
10191684
8848201
9790284
10199891
8913750
9700184
8962911
10625889
9618278
10339177
10484425
8872813
10412911
8577907
9218878
10298230
9487852
8938383
10503067
8922019
9225713
8790953
10331052
10707890
10429367
9601981
8782783
10216392
10347465
9561039
9061344
10437618
9511929
10281981
9520127
10085376
9634818
8848387
8723287
10503181
8954894
10660648
10298390
9307161
8848416
9184291
10667046
9135146
8922155
9536566
10527801
9413691
8766525
8987717
9888838
8922183
9143369
9192523
10118220
9512013
9987152
10601562
9897053
10290286
10650742
9667710
9962625
9913478
9872519
9847947
9806989
9946258
10265755
10519716
9487529
8922295
9815225
8651972
10052808
9110733
8881361
9168086
8987863
10429662
8922344
9132924
9585899
9954544
10560758
9258233
9987323
9037600
9626886
9479433
10257676
10462478
9889052
10298659
9291048
9512233
10102076
9880894
9774404
10601798
10582925
9659735
10519902
10503520
8676712
9804668
9045362
9323891
10519924
10159484
9161621
8766849
10543910
10634645
10085785
9422235
8807840
10659235
9504166
9340331
10536369
9127348
8743838
10544713
9274813
8955334
10543351
9709006
10446288
9184726
9127386
10167771
9135594
9725420
9283057
9995763
9840128
10388994
9446916
8971786
9128877
9020945
8750617
8586778
8996387
9004585
10118699
10470961
10069561
10520123
9700932
10282569
9225803
10577491
10651224
9537114
10126947
8726118
9717351
10503789
9995886
10118768
10495602
9258613
9651839
9815686
10446472
10118798
10413722
9193115
10258081
10593954
9438887
10100482
9350087
10151598
8758959
8636082
10666399
9638175
9873013
9029318
10241737
8791758
9684691
9062103
10634969
10004201
9250556
9463560
9684746
9021197
9365267
9250592
10542044
9381674
10323756
10372913
10348341
9856824
8668985
9619258
10479423
8709956
9250631
8619865
8611679
9398115
8816484
9037674
9832308
9865080
10495869
10553214
10053505
9793858
9643925
10143639
9881497
8751012
9480102
10463144
8685491
9078712
8939452
10468341
9226177
9176737
10610634
9897952
9873379
9316334
10364918
9285312
10020892
10037277
9971743
9381924
9955367
10070060
9750580
10192949
10561591
10553403
9685052
9021512
10045516
10405968
8980565
10332256
8824937
9381995
9390193
9660533
9634153
8947839
8939649
9414789
8685702
10535276
8636560
9136275
9463970
10021050
9193668
10053838
10406118
9426641
8759540
8857846
9160956
10160390
10004747
10381581
9185551
9005329
8585603
9160991
10578211
10094885
9509937
10111273
10471722
8841534
9267521
8882499
8989007
9251155
9750873
9931103
9437264
10299758
10504564
9431414
9374088
9652622
9062800
10414496
9906600
9021865
9390507
10103213
9939374
10586544
9675167
8833480
8767945
10127827
8759769
10365404
9947624
9955828
8882686
10652160
9202198
10521111
9112090
10037793
9087536
10447410
9308727
9833016
9727071
8874557
9112139
9153118
10676831
9284196
10660457
10316394
9349742
9595510
10594950
8874634
9046676
10381973
8800926
9415336
10070709
8948407
9187786
9472702
9661121
10013379
8776390
9161424
9595601
9972436
9022168
9161436
10660574
8760036
10562278
10021607
8604395
9603820
9235192
9665663
8801020
10463999
9644800
10029829
8710927
10504979
9194261
10193687
8891174
10005288
9644846
9095998
8812343
9014096
9456466
9702228
9300822
9538401
10240080
10603373
10390383
10046320
10619764
9726837
8883063
8792953
10005370
8792957
9923455
9472897
9939847
9120650
10202005
10144665
9841566
9857953
10093042
8997818
9055175
8661966
10709969
9448611
10464212
9096152
10161116
10243041
10382312
8638972
8907754
9006062
10480625
9980918
9341943
8653817
9513985
10382346
10685457
10103833
9341978
9808923
9489453
10464304
9866290
9251896
10240522
9727038
9440320
8809539
8924228
10062919
9104458
10472527
10103893
9153627
9849948
10095711
8907875
9161828
8645741
9718897
9211010
9604228
10161293
9637011
9964694
10202269
8998050
9063587
9243812
10120357
9219241
9964717
9252020
9891001
10652858
8820597
9907396
8686791
10341577
8572107
10128589
8633549
9795448
8801493
8621278
10252837
9940193
10366183
10543700
10243314
10210549
9415928
9514237
10693886
9760001
10063108
9727237
8867084
10243349
10579224
8768804
9940264
9473321
8949042
10603835
10456382
10636610
9678149
9661773
9620818
10308947
9629013
9948506
10161499
9170270
9244003
9440612
9260390
9375079
8899948
9080176
10521971
9858421
9620859
9481596
9153919
10497417
8998291
10685851
8981918
9391527
10210734
8940975
10194352
9792956
8990143
10423759
10104273
9530835
8588756
10505689
9137629
9612774
10489322
9702892
10603773
8921684
8736250
9940477
9145857
8597004
8621588
9440789
9760004
8719900
9195051
10128941
10358324
10030646
10137144
9432635
9244221
9277001
10276427
10645068
9629267
9416278
9178711
10088032
9031266
9227877
10219115
9498223
10169971
10522228
8932981
10038903
10710654
9465472
10710659
9367179
9957008
10481307
8793757
8580766
9580191
10088103
9646706
10006195
9168346
9866955
9006806
9391839
9219816
9883371
9637612
9490157
9793265
10325746
9850611
10448631
8818424
9916156
9817857
9703171
9408264
8580876
9621268
8793878
9948963
10186532
10055467
9580333
8654639
9080625
9121593
8802109
9031491
8720196
10547013
9121606
9908052
9875290
8957799
10104685
10202993
9957243
8769405
9678724
9842577
9809812
10557422
9523095
10639343
9228196
9162662
9506730
9957291
9203634
10637239
10334139
10432448
10681589
9220036
10268615
8900552
10416073
9508242
10522581
9121751
9826266
9318364
9908193
9547756
10161490
9777135
10560168
9940978
9908220
9981953
8613893
10702854
10694668
8802326
9768987
10465308
10588189
10063905
9179175
9343018
10399790
9506868
8900664
9736256
8671305
8654929
9613394
8974425
9097306
9506914
9465962
9212018
9457793
10423660
9136446
9260835
8745115
8704158
9343146
10440877
8868023
10596542
9400522
10203340
9171149
8982736
9007318
8958169
8941787
8745181
8712414
9703651
8622310
10014952
10367209
9900266
10105073
10457333
10416852
9523450
10669760
9572617
10154253
10416856
8892698
8859935
8786215
8771634
8630576
8851764
8581433
9761083
9228606
10080576
10552032
8999234
9502091
8663365
9982280
10367308
10563920
10514773
9204057
9285985
10662246
9007463
9941360
10539377
9777523
10654071
9384315
10555772
9458410
10236301
9818510
10015122
9884058
9409266
10482094
9048499
8822174
10105270
10072504
8729028
10572230
9417160
9523658
9662928
10631247
10064350
10285564
9654789
9130505
8950287
10236434
8736174
8745500
10670626
8729125
8876582
10457639
9376304
10285833
9581115
9515580
9441857
10064462
9327189
9949794
9052945
8843890
9073269
9089655
9179772
8917635
9278094
8753812
10392221
10039966
8950435
8835773
9474759
9654984
9458379
9818835
9147092
9081557
10678998
10146520
10105566
8631007
10638048
9810658
8727292
8671976
8696554
10474222
10146546
9253626
9179901
9745151
10670849
10408706
10588931
10105605
9941769
10572555
10344578
8977880
9523989
9032471
8753947
9179933
9712424
10571923
10056490
9147187
10605366
8885050
8745794
9622342
10245603
9786195
8770390
10007387
8581987
9596390
10097511
10154860
9507696
10236786
10384243
10638197
8573816
10685930
8770432
10617665
8650220
9745290
10294167
9868185
10195870
10015651
9450310
10687400
9573292
10032054
9409464
10146745
9032638
9647045
9106376
9556944
8696785
9901012
10400725
9032664
9073630
10040294
9163752
10187753
9237493
10171388
9851904
9696263
9892879
8631312
10335267
8601094
9540648
9204778
8721451
8844334
9344051
8860727
10613818
9278532
9835589
8582216
8967244
8803411
10212442
10286179
8574052
9233254
8680554
8754023
9180301
9786514
8574104
10389700
9565357
10106036
8729789
10224502
9352391
9688271
10089680
9729249
9401570
9546475
8991976
10679548
9008381
9295103
9098498
9262341
9819416
9680161
8910116
10589489
9033013
10278198
9835831
10515776
9844033
8910148
10546742
9114955
8672609
9131362
10253667
9082213
9516392
9885033
9344374
9000311
10016124
10081665
9278854
10319242
8893335
9401742
9942418
10491289
10622363
8795549
10147231
10352034
9942439
10663341
9721262
9229746
8730037
9934263
10098111
9426368
10362443
10302931
10491348
9442782
9197023
10229218
9770467
10417638
9762285
9475566
9131503
9773993
8836602
10524157
8803857
9025043
9696790
9975328
9295397
9958950
8721961
10491439
9500215
8689209
9459264
10573386
9426508
8640077
9066064
9426513
10376800
9614948
9033319
9475688
10073725
9295489
10622595
10426646
8656528
9336468
8664725
10180250
9197213
8662643
8853173
10409656
10684703
9459398
10196679
10311368
10014327
9467597
9035384
10163923
9180888
10049255
10270440
10401518
9893618
9952894
10508025
10090238
9467647
9123586
9582348
10680089
10352410
10000160
8697633
9574179
8591141
10458930
10262327
9828153
8877888
9942849
9090886
8771406
10418004
10491733
10704739
8714084
10475367
9705321
10147691
10303340
9166482
10565489
10098549
9353078
10295160
9574267
9959296
10327941
10491791
10344354
9869220
9541541
8968102
9705383
9738157
10072969
10401713
9983932
8853443
9172935
9271240
8714185
8779728
10393562
9541595
10180574
9820129
9115621
8763369
9484266
8959980
9369582
9000943
9484275
9435129
9172997
9435145
9902096
10524694
10335662
10270744
8689691
8943645
9033758
8689701
8681519
8673330
9787445
8591414
8673335
9001016
9852987
10508366
10246223
10684280
9263190
10451033
10115163
9615467
10008684
10344557
10451068
10492029
9746561
8591490
9296003
9975953
8878230
9402738
9754798
9836719
9435312
9189554
9533628
9074881
8591554
9033925
8935623
10640366
8575178
10664141
9001167
9599186
10361047
9484505
8747233
9697509
9484519
9836779
10541295
10598641
9885940
8796405
10098938
10328315
9517309
10066174
9525504
9115905
9476363
9214225
9738515
8648982
9623833
10287393
9263399
8583470
9001266
8673589
9574717
9517375
10451267
10713413
9541961
9738572
9779541
8714587
10312030
9451873
10385774
9681266
9116028
9542015
10508674
9121516
9099661
9356358
9869749
8804791
10697147
10664385
9542082
9820611
10205639
8632782
10374904
9869780
8616407
9927136
9350908
9755126
10353143
9992702
8685995
9345548
9247245
9337366
10107421
9150213
9673251
8747556
10213925
9869863
8987741
10694408
9157176
8698427
9304637
10132033
9312834
10205773
10474595
10033748
9763417
8952411
10693051
10074735
10664562
9394804
10140277
9788025
9075323
9476732
9894534
8845962
10263191
8723098
10484379
9214621
8673952
10107556
8592037
9853610
9747115
8895150
9312944
9853629
9665214
10066633
9714379
9370321
8788690
9517779
9943766
10418916
9583338
8927980
9034481
8641274
9329415
8928009
8772369
9141013
9190168
10512860
9763627
9444142
9558842
8985408
9632579
10050377
8706903
9706330
8747880
9528466
10468206
10713968
10042230
8960890
9821052
9927553
9542530
9034627
9124745
10492812
9198477
9976728
9960345
10197915
9124764
9034654
9796512
9272225
10468258
8993699
8682411
9444270
9092020
9239492
9403335
10042318
10157012
8838108
8928222
9280484
10222566
10706770
9427950
9255919
10206194
8928244
9116661
9501689
9100286
9280518
9157646
9902595
10337302
9141273
10664987
10026015
9387041
10452002
9149475
10525732
9362481
9411641
9247815
10394696
10468425
8944721
10034260
9550942
10550369
8707174
9026666
9813099
8625262
10116209
8838262
9616503
8600698
10263679
10099847
9755789
10001550
8744813
10468501
9870491
9570842
10058912
10083491
9116849
9829555
9232842
10345670
10443976
8649930
10239181
8879312
9043157
8932782
8772824
10458319
10050792
9673965
8600821
9665786
9215231
8879361
9796867
9297157
9624841
8969488
9755924
9985306
8813855
8690982
8633655
9624888
8592709
8650055
9171471
10378587
9936228
9084268
8822131
8945017
8772986
9182590
10069227
9231754
10108299
9289109
9674134
10141079
10608029
8797598
9076130
10362290
9190840
9641402
9706939
9543108
9821641
10141141
8863192
10526172
10092001
10198499
10550761
9133548
8658424
8879609
10395130
9100796
10051071
9330177
10640899
9059844
9584134
10067471
10223128
10305054
10599976
9461293
9182766
9117231
10264112
9996894
10632770
9436741
9977419
9772623
8642131
9920093
9354848
10206824
9240170
8887915
9617004
8986221
9453170
9510520
8896126
9076351
9354891
9461389
9068174
9281170
10362522
9682587
9305761
8937128
8609454
10239664
10297017
9862872
8699621
10264297
10387179
9584365
10657519
10569000
10608375
9617145
8871674
8896251
8716030
10206978
10166021
10141459
10231594
8847148
8814384
9584434
8806195
9314100
10460930
9709687
9338686
9682756
10477382
9862990
9690962
8626006
9764698
9068379
9690976
8650598
8912743
9142124
10248057
8650620
9473187
10624904
9977744
9904021
9555951
9011102
10548549
9797540
9797546
8904630
9846713
10330058
9568205
8962001
10205860
9887711
9658340
10018796
8814575
8806385
9969654
10575863
8978424
10297339
