16144388
16584709
16371718
17043464
15953930
16838667
16222220
16341037
16197646
16099345
16679615
15972371
16381972
16797717
16187414
16375832
16361498
15880223
16355361
16961570
16846516
15831076
16659462
15779885
15880239
16447287
16496690
16690867
16382004
16789557
16445495
16414777
16482362
15963829
16191552
16318530
16490563
17096775
17140360
16158795
16997389
17031248
16422993
15964243
16879701
16253018
16060509
15876190
16541791
17138801
16941001
16193640
16560233
15986794
16751987
16476270
16121967
17075149
16625777
16746611
16117876
15741045
16280937
16570490
15745147
16830588
16300157
15831167
16253632
17004674
16803975
16115849
17125516
16449677
16001167
16146576
16441489
15751315
16652437
17061127
15732889
15894682
16441153
16261279
16586912
16066722
16570531
16015524
16183461
15931558
16404648
16128169
15855786
16670892
16644466
16577224
16569715
16775348
16339126
16179383
15890618
15968445
15860332
16212162
16317036
17000822
16107718
16760865
16990583
16455884
16928974
17139137
16171726
16183511
16126168
15904985
16576730
16554362
17117406
15780063
16285920
16724199
16816362
16720237
16312556
16952820
16457967
16031984
16642289
16091378
16279795
17027320
16373460
16003322
16970968
17005475
16031998
15812863
16591105
15743234
16179459
16521476
15841543
15810824
16736521
16376076
16959758
15935759
16754584
16917891
15870229
15921432
15866137
17074831
16701829
15812896
16249563
16789798
16132391
15827240
16959788
16040237
16718557
16038192
16251272
16628018
17026799
16937268
16451893
16056630
16816439
15878459
17121596
16388413
16596167
15888703
16539970
16204100
17097029
16611655
16722089
17085155
16113996
16553409
16724307
16560185
15954266
16693595
17103196
15771997
16142687
16908642
16320867
17072583
16134503
16202089
15806826
16791271
16575890
15982959
16990577
16267634
15759733
15817078
16652663
16247160
15974778
15991164
16391861
16085375
16935296
15896961
16810370
16095620
16327045
16790527
15796616
16631875
16277908
16779207
16937367
16961945
16910063
17027484
16349597
15929758
15825312
16791969
16452002
16998811
15999396
16388849
16003497
16752041
16253358
16150960
15974833
16519604
15872438
16668322
15714744
15800761
16607676
16522314
16969065
16632224
16554434
16892355
16353732
16869829
16916897
16961994
16226766
16835023
17117649
16083410
16222675
16206294
16860239
16607708
16478686
17060319
16608395
15927777
17093371
16665062
16433233
16388586
16384493
16171502
16189936
16548337
16730537
15794680
17119409
16372221
17058047
16880128
15741441
15718921
16185866
17119755
16077324
16321037
16208402
17111571
17011118
16751126
17041946
17035803
16513564
15956509
16892933
16735089
15747621
16520625
15931944
16278057
16316972
16359981
16697902
16796346
15997489
15968820
16482871
16642616
16187963
16880188
16845373
17080896
16339523
15940167
15970888
16540233
17060257
17095095
17119824
16259665
16384594
15776341
16753238
15786425
16999001
16128603
16644703
16263778
16208483
16551697
16589417
16120428
15776530
15845999
16887700
15766132
17017461
15876726
17020009
16388249
16295503
16489089
16867972
16469441
16427656
16677515
15841932
16042638
16560783
16505488
16099985
15936146
17095107
16625433
15994308
16859802
17057903
16763548
16409247
16618888
16186020
15811237
16131185
16539079
15975084
16651523
16881900
16038577
16865970
16403127
16044728
16579258
16413372
16659134
16314485
16048832
16923330
16175811
16366278
16114375
15961347
16877419
15774414
16120528
17139491
16423636
16949973
16849623
15885018
15993563
17126108
16464605
16401118
16118496
15725281
15993508
16476899
16786150
15837927
16844924
17026855
16579310
16507631
15930097
16542450
16343798
17020495
16892667
15753980
16126718
16327427
16542849
16702217
16315146
16358159
16665360
15969042
16580398
16085788
15903518
16663685
16952097
16873262
16067365
15893287
15823656
16894428
15864620
16393006
16235311
16470832
16364338
15797046
17140044
15907646
15754048
16718658
16259907
15878966
16471591
16970570
15825739
16468814
16509775
15724344
16532309
17040216
16649049
15739739
16137054
15739743
15813474
16178019
16159588
15752037
16793745
16114538
15788907
17009517
16440177
16325490
16228499
16040821
17035093
16550776
17095546
15861567
16751935
15795008
16610180
16857989
16673670
16206727
16794295
16870286
16921069
16837521
15969170
15987604
16118679
16438892
16371278
16939933
16536479
15950752
16417697
15834018
16200611
15741861
16876456
17038249
16731050
16190381
16473008
15897523
15954868
16677814
16550840
16655860
16461642
16304971
16684843
17008295
15856590
16980943
16483283
16581591
15971289
16231389
16096222
16106468
16980966
15769425
16434159
17085971
16991217
16311282
15793139
16143348
16090101
16763894
16024567
16333818
16915451
17117205
17105066
16968334
16647167
16430080
17095681
16935938
16783524
16307205
16030726
16632321
16114696
17039532
15911946
15834124
16096269
17109165
17066840
16758906
16978155
16808984
16540698
16598043
16315423
16892960
15854626
16976731
16604199
16733226
15848492
16776237
16540169
16937401
16904846
15797318
16479304
16413770
16532555
15844429
16079951
15803472
16751800
16724835
16976980
16925781
16188503
16430168
15981657
16927835
15875165
16460895
16911459
16112741
16966769
16471144
16604265
16450460
16041067
15778924
16772205
16829550
16585917
15748209
16077939
17091702
16741495
15836280
17138126
16008314
16159871
16241856
16413547
16837764
16424470
16256135
15950985
16067722
16324119
16964749
16895119
15842449
16436373
16880790
16466116
16671899
16747676
16163998
16839840
16516263
16377003
17058674
16129198
16101917
17081520
15865015
16403640
16174269
17120447
15858880
16916921
15932615
15840457
16549071
15936720
16590036
16184534
16753879
16653528
17100324
16711293
15957213
16493790
16323961
17110240
16493793
16200930
16682261
16538858
16086251
16626924
15746286
16080111
16217781
16334069
16864255
17124564
16270586
16915900
16039164
16219390
15932673
16773610
16094467
16940929
16776460
16602382
16358672
16295185
16790489
16057619
16580142
16634756
16557340
16800987
16565540
15789352
17069354
15791404
16770952
16182580
16985310
16874807
16508217
16586043
16570250
15971647
15848768
16850242
17112387
17085765
16907597
16174418
16368982
16809303
16176472
16000346
16170332
16858467
15846756
17139047
16999784
16213353
16764266
16423826
16719214
16569713
16056211
16934260
17116536
15920505
16289151
16512387
16708999
16067976
16641417
15857034
16838031
16355224
16178578
16096494
17137049
15773088
16061857
17130914
16840099
16311537
16995752
15807913
16754095
15899208
16856500
16926137
16796575
16776636
16553406
16389024
17097307
16074180
15773127
15799754
15752651
17036194
16164303
16489938
16295379
16365012
16197077
16502230
16010711
16000475
16555258
16750046
16629215
16889312
16492140
16084451
15803876
16492006
16260689
17124203
17110061
16311792
16985585
16733779
16227828
16948478
15728119
16750074
16673023
16590333
15738366
16963071
16375298
15889924
16420359
17094152
16502289
15783442
15894035
16150038
16070167
16487964
16346656
15840801
15773218
16679612
16948772
15781413
15853489
16074281
16797227
15832620
16467501
16037422
16150063
15858611
16105016
16196532
16407444
15971899
16891454
16883637
15820352
16119361
16338499
16854596
16277061
16991815
16133705
16899661
15734350
16268879
15834705
16723539
16848142
16746070
16628808
15900252
16695226
16679273
16952592
16471653
16070246
15916647
16043625
16229994
16117356
16483949
16702397
16854640
16989810
16598643
16508532
16772713
15988344
16796093
16719482
15945341
16277118
16222485
16672520
16664193
16223874
16991875
15836805
16727686
16506503
15882860
16877195
16023180
16513645
16187025
16205460
16570005
15830680
16768964
16500381
15849118
15976095
16244384
15947425
15918754
16457380
16893605
16785063
16954513
17018537
16772779
16387759
16207539
16115380
16107189
16592566
16305847
16436920
16729785
16170684
17108669
16369344
16540089
15894481
16897731
16265846
17116615
16682695
16215759
16496336
15849172
16692174
16860887
16893548
17139426
15941585
17142331
16701735
16416520
16436975
16113392
16926450
15927027
16697080
16597056
16616819
16525052
17116926
17055487
15810310
15947527
16289544
15746348
16713482
16439051
16899852
16209679
16213230
17129235
16358361
15759129
17063706
16917396
16056094
16019077
16181552
16916258
15716131
16761137
16905610
16887593
16875615
16557703
15718190
16559919
16049968
16800392
16160564
16416566
15922999
16086840
16671506
16525115
16987965
16822078
15730495
15945537
15748930
16827019
16628022
16885729
16447552
16920204
15888202
16897335
16312140
15738701
15773519
17024848
15781713
16199509
15777626
16023387
16783196
15986529
16590692
15949670
16220007
16643945
16228203
16121708
16996207
16434869
16918387
16879934
16654198
17119076
16985978
15730555
15810429
16586624
16287617
16310146
16213995
16185222
16293768
16287626
16013198
16770961
16091027
16854932
17043350
17001113
16119704
16396189
16934394
16211873
16263077
15789991
16267177
15912874
15749037
16699037
16832432
16080817
15859635
16644021
15919034
17128095
16795580
17102786
16254916
16154565
16306118
15955617
16927052
16345034
16361421
15900624
16068561
16975827
16887764
15962071
16336856
15757988
15722462
16353249
16377826
16838630
16521212
15855595
17103025
15897938
16125936
16052209
16308219
16480252
16756734
