34656256
35084288
34754563
35317761
35051528
34938890
34947091
35018415
34689055
35220827
34851505
34891816
35118500
34713645
34854961
34916402
35090485
34854969
34615357
34900752
34889800
35096649
34932813
34756689
34648147
35074134
34889816
34924633
35137626
34742364
35047518
34668642
35211370
34979952
35344499
35309688
35160185
34687104
34748546
34857096
34760843
34916495
34752659
35139740
35322020
34883752
35211434
35041451
35195052
34621613
35215274
35201201
34869427
34947252
35072181
35254458
34691259
34746559
34650309
35238086
34644167
35027146
34609356
34715858
35010771
34732750
34832598
34668759
34891992
34803936
34883824
35082484
34742997
35229953
35319851
35180809
35035402
34654479
35354898
34832660
34903487
34668824
35008795
34922780
34595102
35234864
34986275
34959655
34980136
35174699
35139293
34887992
34748731
35321226
35307573
35041600
35209542
34642247
34595152
35107897
35243407
34752860
34824543
34752866
35344744
35207533
34713970
34697592
34732413
34820485
35062150
34685330
35309972
34728342
34736536
35144091
35340700
34871712
35029790
35183014
34845095
35100061
35066289
35105206
34748148
34828731
35037628
34617795
35254727
34959818
34617812
34861529
35103195
35355100
35103200
35107297
34879973
35264999
34980328
35357164
34820589
34664943
35322693
34595319
34664953
34904571
35148999
35095046
34650636
34974224
34726418
35217059
35260505
35160601
34972186
34830877
35168799
34986528
35326499
35267114
34812460
34941486
35074142
35201597
34677313
35312195
34665033
35109455
35076692
35125845
34996665
35015265
34843238
35301820
34730603
34910831
35015284
35038654
34980473
34744955
35270762
34642559
34800256
35161879
34888342
35023512
34626201
34759327
34622129
34996917
34702006
35167349
34654915
34886340
34734798
34826959
34683602
34620117
34867928
35093212
35140391
34659055
35109618
35283704
34986749
34697983
34618113
34753282
34984720
35142417
35099411
34917140
34779928
35312410
34958110
35005217
34931493
35124006
34829095
35087144
34673451
34894638
35354419
34886454
34876218
35050301
34929470
34992950
35021643
35042125
34818906
34966363
35148637
34685790
34992995
35115880
35054446
35013488
34775922
35236730
34706300
35158912
34995074
35347343
34876305
34765714
35189651
34827158
34849687
34669464
34747289
34730821
35347360
34857891
35034021
35331571
34685892
35197895
34868176
34646995
35222488
35177998
34966493
35326942
34665450
34657259
35079148
35085821
35159026
35038195
35347445
34870263
35097593
34737146
35310590
35193856
34671618
35050500
35077634
35013649
35070995
34630679
34819096
35330906
34964512
35258403
35316771
35138598
34667560
34817072
35177525
34829366
34806841
34954298
35224639
35226697
35308620
34788429
35167314
35175508
34995726
34815063
34882649
35050589
35075170
34661475
34870372
34790502
34618471
34774121
35325458
34849908
34669685
35163258
34940031
34923652
35200133
34831498
35297815
35333656
34624670
35198114
34661540
35247985
34593960
34638023
35287581
35280048
35151030
35160266
35126466
34602179
34630855
35214536
34614479
34596049
34671830
35161305
35040479
35306720
34731233
35226865
35104979
34979060
35120373
34667770
35283498
34688259
35271940
35032328
35304714
34737421
34884881
35349721
34694424
35226909
34735397
34753832
35126569
34864426
34837803
35308846
34735410
34850100
34880824
34895171
34854214
34704711
34823500
34741588
34843995
34774364
35290465
34825571
35269988
34743656
34676078
35255665
34876788
34917751
34696571
34684286
34661760
35295126
34878017
35347849
35040650
34928015
35054997
35150871
34928025
34653594
35036573
34839970
34647459
34790820
35095973
34598316
35255727
35044785
34906697
34890996
35222970
34670014
34999743
35280320
34620877
35024346
35274205
34653663
35118568
34670064
35286514
34629107
35300856
35112442
35199231
34801149
35339775
34915841
34805250
34762245
34979334
35153420
34801165
34792974
34897425
34719250
35235758
34608664
35098137
34823706
34719259
34752028
34635299
34780708
34864677
34637350
35311144
34788907
34693042
35183880
34752052
34822068
35324223
34842172
34737727
34633285
34889288
34653770
34999885
35325520
35046994
35055189
35328186
35041969
35282526
35274338
35290724
35321449
35096173
35323502
34817658
34897531
34805374
35201301
34680450
35321477
35110538
35034769
34819730
34746004
34877081
35255964
35092126
35150107
34897576
35121436
35114667
34832047
34711217
35321522
34678451
35049758
34694845
34682563
34864842
34715340
34643669
34963163
34842234
35153635
35014373
35061478
35343944
35345021
35219752
34631412
34871032
34916991
34694910
34676479
35108618
35335952
34977556
35131159
35155737
35051290
35313438
35057446
34916142
35065649
35133235
34757396
34965303
35320010
35304530
35092792
35209043
34770772
35204951
34791258
34922331
35053407
34801506
35004273
34719605
34717558
34746231
35282809
34922363
35096446
35293531
35131270
34676615
34809738
35311502
34750358
34749081
34633631
35221408
34901921
34842535
34969513
34930602
34963783
34791342
34633648
34881458
34795443
34777012
35274678
34662332
35108797
34996158
34619332
35313610
35176099
34785237
35235798
34846713
34633693
34840912
34842594
34877418
35143594
35270642
34822135
35037177
34836475
34996220
