27484165
26837005
27443219
25763864
26476570
26910747
26329116
27205663
27762723
26517540
27516970
25853995
26206256
27164725
26722367
27648078
26763343
26017876
26411093
26345558
27385943
27549784
26878042
25944160
27426933
27148407
27254913
25895042
27590865
27680909
27181202
26321043
27041949
27713702
26484907
27402423
27345086
26902729
26624203
26009804
26542289
26042579
26452195
26067172
25796843
26239216
25846006
27484412
27697194
27402495
26640644
26910981
27549959
26550547
27842023
26056069
26075433
27566385
26075444
26739000
27271482
26706238
26050879
27468099
27107654
27197772
26902861
27484526
26362229
26485113
26657151
27058561
26362249
27640203
27410829
27560322
26935695
26403217
26526099
26804632
27181484
26911150
27247026
26116532
27140540
26075582
26534341
26182087
26821071
27550160
26542560
27533796
25846252
26755572
27015934
27271674
26927617
26878471
27738635
25805324
25903637
25901828
25797150
26141220
25739816
25739821
27689519
25838128
26018367
26976832
27673155
25813576
26903124
27312725
27157081
27612604
27189869
25756270
26296944
25993841
25993849
26755716
26346119
26927755
25977485
26256835
26509985
25887394
26780329
26247865
25797310
26608319
26340129
26075848
26469069
26960594
27779795
26199503
27214564
27296498
25838331
27534083
26338059
26411138
25879320
27099929
27706142
25895727
26518320
25740082
26870583
27337535
26747712
27673416
25756494
26805082
26564070
26239846
27222888
27493227
27288429
25871225
25977723
27534205
26403714
27034505
27059082
26218649
26428316
27354019
26723239
27304874
25789361
27599804
26239936
27780037
27657159
27280333
26101242
25879525
27476977
27001842
27849492
26010618
27018235
26223616
27419653
26051592
26485769
25863179
26453004
26625044
25740314
27141148
26092574
27715077
27493412
26027045
27616301
25748537
25769482
25781315
27026507
26231885
26051667
26371159
26960984
27272281
26190939
27427932
26887266
26362983
27468911
25855088
26035321
27599997
26813566
27698709
27452548
27288709
26600582
27790189
26715284
26371226
26256547
25928871
26289320
26674347
27526317
25740478
27190466
26869963
27108548
27313351
26321100
26641623
27059417
26313949
27550947
26805478
26951889
27059438
27436272
27649275
27706624
27821316
26363144
26273033
26502412
27723021
26010895
26886967
27854112
27297064
26387753
27157802
26092852
27059512
27731264
26871115
25929036
27649359
26355024
26256723
27288917
26882276
26379611
25912678
27583850
26273135
26183025
25855359
26600832
27017451
27731338
26396045
25929107
27693297
27739569
27084226
26592707
27780550
25740744
26576333
26830287
26764760
27125209
26273242
27174366
27600351
27821544
26658285
26486254
26297843
27059706
27223547
26650109
26936837
26109453
26641941
26830358
27649561
27772442
27469339
25789980
25757224
26486318
27264564
27747901
27854399
27780688
27493976
25863779
26609252
26224229
27625064
27403882
26633843
26306171
27600508
26003076
27010705
26478227
26879636
25986711
27215512
27805350
26715823
27641522
25757299
27575993
27148575
27379391
26199747
27264708
27231944
27281107
26519256
27805406
26814181
27461357
26011377
27354872
26035967
26740480
27838211
27485961
27158286
26595629
26879760
26281755
26453798
26396461
27469615
26126136
26568512
27707204
26298182
26847056
26691410
26822484
26445653
27412340
26281848
27312447
27174785
27638763
26879893
27395992
27412407
26552265
26994654
26568672
26855395
27846630
26593262
26314736
27641855
27592707
26101771
27011085
27289615
27797520
26355729
26495001
27281434
27674653
25798686
26994723
27758946
25815081
27838507
26159149
26110002
27330617
26421317
25725001
25847884
25741389
27461715
26045454
26118230
26183775
27502690
27609192
27052137
26871918
27287871
26478706
25856119
26560639
26560640
26044576
27447665
26781865
27429050
27158717
27527361
26888389
26298566
25987272
26306763
27027663
27060443
27592936
26626295
26298616
26347784
27020333
27502877
26904869
26036520
27527466
26282296
27770430
27298109
27543871
26650953
26569036
26257741
26380622
27232591
26585439
26437984
26192231
26282347
25807212
26151280
26282354
26577267
26823036
27150719
26110337
26913154
26621675
26773895
26798472
26274185
26551095
27183507
27511192
27855257
27576732
27216285
26503585
25880998
27666857
26651050
27117998
25831869
26880447
27519426
26970563
27486660
27658694
26520013
27617744
27748088
27232725
27142623
27027936
27167202
27199971
26413541
26110439
25766377
26913259
26954222
27830772
26708472
26593786
27494913
27183626
26536472
27413019
27609630
25881119
26331691
26053165
25848366
26266160
26618419
26943924
26864202
27454027
26561100
25717337
27331172
27454054
27388524
27429487
27626105
26462851
26929800
26995339
26970778
27830956
25930417
26929842
27232960
27314884
25742021
27290315
26913485
27552462
26970837
27634390
26618584
27025871
26397408
27323107
27282149
26553066
27093740
27593454
25963247
27077368
26331897
25848960
26495754
26020623
27503385
26143516
27355937
26020642
26577702
27069224
25766697
26970927
26782512
27282226
25897791
26763744
25865032
25979725
25824079
26839891
27822932
27175786
27831148
27478893
27487087
26626930
26954614
27077500
26159997
26635134
26168192
26330944
25975958
27028359
27609996
27429782
27650969
26422184
26905513
27519918
27405232
27839410
27012029
27331522
27110339
26766277
26610633
27560917
25783255
27585700
26045402
27823074
27773924
27511781
25947114
26872822
27519991
26184713
27511822
26823698
27757608
26438697
25717802
26037291
26389549
26758194
27233335
27774010
26225734
27689484
26586186
27667531
25971896
27667549
26291308
26922097
27566613
27225216
27356289
27118726
26233991
27028616
26823822
27700375
27356324
26979495
26406062
26395166
26037432
25955529
26881226
27126997
26275033
26261370
26049744
26750178
26511227
27700457
27091496
27061490
26029307
27671765
26668291
27184388
26937385
27127069
26791198
27348258
26684711
27069744
27348286
27026041
26373449
27561186
26365265
27356513
26512739
27667819
25988461
25824625
26021250
25872173
26660232
25873812
25914773
27667869
27585952
27364783
26190408
25824692
25726389
27119031
25841080
27512269
26291662
27717078
26324445
27020768
26725858
26365417
25800175
26840561
25965139
26488313
27738709
26840576
25767428
27368705
26873091
26914334
27356704
26144296
27094578
27143744
26193480
27741769
25800271
27315794
26807891
27176533
25972311
26422905
27348610
25833093
25816713
25931405
26234514
26414739
27250324
26365589
27746928
27815595
27111092
27634974
27643574
26240969
26111681
27733701
27487942
26513099
25873698
26337913
26635995
27283181
26062576
26275576
27447034
26824447
25988871
26480397
26259216
26455828
27291416
27586334
25841446
27340584
26677037
27127601
26709812
25823198
27250489
27332413
26660674
27291463
26439500
26791757
26890064
27373393
26521431
26300253
26373982
26709856
26496882
26193782
27430785
26562438
26169240
27701147
26914718
27348896
26832802
27029411
27111333
26980275
26415030
27504571
26570686
26054593
27168708
27402913
26103763
25948121
25915356
27250653
27733989
27341479
27471858
27471888
26955813
26701869
26497082
26759234
26619979
27357264
25890897
25800790
26685533
27783265
26923108
26488943
27832436
27160699
26226813
27070591
27324544
25940100
26644614
25890954
26734736
26185873
26996882
26063001
26545521
26906795
27431095
27496633
26792131
27857101
25764557
27824340
27545816
26775772
26833122
26636515
27488484
27562215
25891052
25972975
26439921
26292471
26358024
27406602
26898700
27174957
26292498
26022164
26939672
26063143
26866396
26202413
27603250
26497334
26145082
27693374
27029826
27283779
27119940
25776455
26603849
26267980
25719120
26521941
27717976
26071385
26841442
27545959
26071401
26497392
26702193
27267443
25719157
26521974
27636102
26554774
25883031
26947992
26399129
27365791
27341220
27062693
27546026
25858475
26218927
26727155
27193786
27398901
26843211
27726277
26579398
27215948
27398602
27840974
26243540
25842151
26090919
26259948
27324917
26767863
26243577
26546683
27721130
27087362
26817035
25940492
27734544
26403587
26260001
26448646
27324969
26014250
27537973
27038268
25719361
27701826
26047045
26235467
26055437
26989137
26597475
26882650
26702427
27570792
27138152
27587192
26006137
26915458
27112074
27832973
27128462
25936664
27710098
26464915
27112086
26785905
26972844
27751091
27660981
26443212
27677475
26661596
25760478
26661603
27243237
25850598
27407091
26776309
26465020
26424062
27112198
26899213
27513620
25776923
26932002
27614683
26481463
26661692
26039102
27177791
27390785
26817348
27407178
25948983
27128656
27153234
27513695
27595618
25924455
26702697
26815778
26268529
26522488
27726715
25785214
26284931
26394092
25998228
27489173
26358678
26424218
27472805
26497958
25719724
27513775
27349944
27538368
27792321
25932738
26006347
26686404
26153930
25850827
26342354
27579347
25859030
26538967
26358752
27325409
27349988
25916394
26440683
27849713
27350005
27841837
25932800
25998347
27456530
25900053
27726871
27549189
26039336
27366445
26661935
27128883
25744436
26915901
26997830
26915911
26571848
27596985
27448411
27374684
27366504
26506354
26162294
26973303
26907775
26145922
25854827
26350726
25785482
25916555
25994093
27473043
27464853
26670232
26571936
25961804
25859240
27145389
27554991
25793715
25801908
27366585
25875642
27817157
27063502
27003087
27366626
27677930
27153649
27260148
26882896
27743492
26227973
26703115
26744082
27587860
26973463
25752862
26572065
26514722
26170659
26326313
26752299
27178285
27096367
27120947
27333942
26350904
26940729
26252613
27759945
26195274
27456845
25769298
25933140
27350361
26793307
26850657
26080615
26301812
26115646
27563389
27725376
27645314
27817347
27055493
26195341
27604376
26449316
27350437
27760038
26195369
27760046
26662322
25728441
26179003
26047932
25777599
26129861
26831095
27620812
26834384
25941463
27342301
27514335
27465190
26195431
27252201
27071983
25900535
26727934
27088385
26957318
26498570
27489806
27268637
27260448
27809313
26908201
27039274
27670064
27137586
26695224
26498624
26842694
26859080
25949769
27481679
26211920
26572393
27538950
27539057
26818175
27678336
26793601
27227788
26973842
27563667
26752663
26498719
27268768
25933473
26556077
26326703
25867957
27498177
27072200
26482382
26048208
27408082
26900180
26261212
27440861
26154718
27154147
26870637
25859819
27334395
27776764
27572522
27178759
26941217
26048296
25974576
27424562
26810168
26982202
26613564
26138433
27595745
27019576
27015005
27752286
26695519
26343277
27228014
27445565
25900913
26277754
27776903
27006857
26883979
26343312
26695582
26548127
26859426
26859431
25810865
27842487
26933180
27265906
27774625
26056653
27563989
25802711
27178981
26327016
26048490
26769387
25942001
26122226
26081273
26884090
27236347
26843134
27449344
26793996
25835540
27637788
27449382
26523688
26564651
25761836
27514933
27170875
27654207
26706955
26654790
27706380
25843786
27228235
27375699
27465816
25876579
26474600
25737326
25933937
26703986
27310210
26327172
26089605
27818119
26450057
26024075
26048667
26417310
27564197
27089062
27326633
27064493
26532025
25958597
26851526
26687689
27375820
27637968
26622161
26345166
26158116
27285724
25794782
27547878
27171049
27023596
26933494
26007803
26544514
25983251
26859801
27121953
27179298
25874139
27769126
25721127
26540330
27138349
26728758
27711810
25893203
27097428
26294617
26671505
26261871
26245501
26917255
26343818
25893265
26098071
27842977
26802599
26401192
26794420
27474362
26950075
27826622
27138495
26089922
27376078
26696149
27122138
26466780
27621854
26857296
26794466
26401260
26245616
27400693
27671033
27597319
27425294
26343951
27539991
27245084
26352157
27376164
27703847
25942574
26868271
27392564
26139196
27155008
26376769
26802759
27187786
27851339
27646545
25746003
26417752
27753053
26712674
26729063
27433578
26434168
27458181
25950855
25991840
26155688
27581097
26278573
26114734
27540148
26114753
25967306
26319564
27429325
27024083
25926369
26114807
26344184
27417342
27179778
26819332
26041099
27065103
26442513
27835174
25926448
25942839
26147641
27384638
26704706
26876743
27500344
26508114
26267449
27736929
27269988
26786661
27753325
27591367
27032443
27597693
26073986
25893764
26090378
26418076
25959326
26696176
25754532
27507622
26942375
25877418
27012935
26319792
26082225
25877432
27614139
27581391
26786772
27270103
27360217
27171803
27040733
26827743
26123233
26524643
27597803
26704880
27780267
27294729
27401226
26328078
26909716
26491928
27456687
26606626
26811427
27106341
26172456
25852973
26226525
26221620
27573315
26942532
27098182
26238026
26557520
26852442
26524763
26066013
26147934
25803871
27843695
27581553
27237493
26565751
27581560
26025091
26401925
26451088
25803923
27122838
25910432
26811559
26320052
27655352
27483324
26721477
27032776
27811022
25779408
26295506
27204820
26264292
26811613
26172639
26148066
27655396
27811047
27745513
27712748
27696366
26164465
26541299
26033404
26148093
25935105
25992456
25993091
27755737
27663642
26746141
25943326
26877217
26328355
26131758
27614514
26737972
25845045
27106615
27417923
27639133
27196766
26754412
26656114
27344262
26598796
27065748
26672538
25935259
26484134
25763239
27205034
26999367
27205038
26607031
26467768
27344324
26959308
26353104
27393490
27803097
26598875
26205672
25927148
26467821
26836463
26017265
27573750
25771520
26465536
27000325
26402312
25959964
27188769
26795560
26672683
27164216
25886265
27835965
26254910
26951231
27762240
27500097
26648133
26828359
26877516
27639376
26713681
26599009
25907131
27713129
27704942
25886322
26164851
26480574
27057782
26762873
26443400
26115723
26295953
26812054
25953561
27459225
27492001
26033830
27328170
26664622
26943156
26975949
26934990
27229909
26926808
25976537
27737838
26091251
25960180
27598582
26910469
26509067
27164431
27492112
25968401
27008786
25943829
25788183
27788620
26418969
26820378
26074908
27582239
27066154
25788204
27631407
27295538
26746680
27115321
27336508
26861376
27221829
26861384
27131722
25894745
26951525
27516776
27303794
26689397
26181495
25976698
26427262
26886019
26156955
27454106
26861470
26582945
26599335
27148203
26738604
26017709
27361205
26746806
26533876
27148221
27271102
26288066
27526475
25870281
26025933
27533267
26763225
27336668
26607584
27474600
27074548
26623997
26370046
