909314
1843211
1441812
572844
1114150
81959
741383
507950
2069853
2121780
278586
1417277
1237061
1744968
491596
450649
540762
353637
1572962
491619
401508
196709
2097254
598121
1851498
729215
761989
614535
508042
1548427
1926443
797379
573589
2007191
753819
2015388
204959
1548457
368813
1466543
13683
1450166
663737
1736892
221376
131266
2113739
1622220
295118
1499343
901334
2023643
499938
948945
1908969
1630445
1188084
1663223
1024248
1188090
1106172
1818879
598275
1286408
524553
65810
1708078
262426
196892
303390
327968
1106210
1990947
2113828
524583
131376
787852
573771
1925452
991580
1155427
631141
1581417
98670
1708094
156036
917894
1311111
1384840
1679753
229772
1974669
582036
737690
123294
1287820
1048996
1388614
1761707
172460
631214
2113972
1073589
1614262
467390
811466
934362
1851889
1876468
1999349
1188343
1024507
631292
860669
901647
1499667
147990
1375660
205340
1311262
1974828
1917491
1122871
1673994
41535
877121
1442372
2114122
1589838
959055
369233
2091790
524887
1147486
1606240
1458789
1213044
950922
909965
918180
1729189
1450663
1908924
1874716
1376955
1917636
1585270
991942
623305
2024142
1914317
90842
279262
115425
2007778
1983953
1229545
778986
58092
1336047
41715
1909492
1786614
1581815
1008378
1106688
459538
885531
1606430
1336097
787234
967462
942887
312106
2069982
287544
1090367
222023
410440
271177
1295181
2048847
672596
107356
287596
1237873
1860468
140150
2081656
443259
336771
1811342
312216
2007967
1614754
713644
910259
1590196
1205173
1369025
2139077
189384
367436
1131468
304077
1729502
1623038
2122751
312320
623617
926722
2016264
1614862
2114580
1221654
934936
738337
82979
121692
771117
295987
255032
1532987
984128
1246277
181318
2106443
1588066
1983569
2122851
91241
1139820
533615
2139249
1221746
844917
754807
722051
885892
812178
1778838
371567
1328290
1623203
1213634
1795270
795848
2016461
1696974
435411
1172694
1606882
181798
1901801
1637245
1697009
918794
1115403
1385740
763157
1738006
1582359
1574168
1230114
2105563
730411
1582397
1951049
755022
787791
2098531
1336676
976229
124266
2126113
1869373
771440
1156467
714100
828794
984448
320898
2108310
107912
206217
1131916
1303961
1975710
1492388
828837
386475
312752
804273
1754547
99766
411063
484792
640441
1598909
705984
443846
656840
730572
1097976
468434
239066
673245
1205729
1836527
1656311
771579
1279488
1598981
99858
108051
992792
1656347
968221
280097
1721894
280105
632366
1730102
1892617
1091129
468538
1590845
878152
1814796
812618
771662
1869401
91750
2074220
2093331
1861237
42615
1664639
1271428
263816
1394316
1001102
771730
534172
1918632
1124018
935608
2016957
1623745
968389
26311
2103151
1492696
157405
1804003
558822
1592273
943854
1361649
1615612
59135
911115
1722125
67344
902931
586030
874601
534305
1402662
1378088
2025257
1279789
649014
1132346
1910596
591689
878414
1869649
591701
1818587
1410904
1640282
1058654
1681042
1394553
182141
1836934
1058701
2099086
1181583
1230748
436126
1140651
174003
2140085
1017782
1902526
175465
34765
1230802
346069
829400
1664993
59373
1312753
51187
1345526
632827
296964
1157128
436234
747531
1230864
903199
1730594
1083437
1542194
136885
1157184
1247299
75448
125010
125014
665687
1230939
682078
1288298
1550457
75921
2132119
1501339
665768
1304745
526510
315763
1763512
280773
1140934
1706189
1558739
215263
1034472
1050862
911606
993531
665852
1435910
485639
1379373
960790
2083097
403738
780579
739620
1370412
262536
616759
134196
1993018
77158
1425804
526666
1763662
133461
2034006
1223000
158041
10591
1345889
1902956
1624438
2124158
256384
18826
1665419
1976717
592271
1542546
395668
518555
1845663
1157542
1436071
1673651
1616310
1894842
338369
1739207
1763784
1198538
1821131
584141
2075091
59869
1313248
911848
2099691
2107896
1051130
322057
223759
1632784
1116699
502303
821792
1444392
764459
248366
1296944
1706557
289342
1010239
1493569
1583683
1442230
133703
1182285
354061
2075217
535126
1141336
1731162
690784
297573
625258
207472
926142
1641086
1198727
2698
1940589
1993366
1624728
1886878
682659
928420
379558
2140845
1206964
1092291
445129
1911929
838364
223965
117491
2115369
633598
1026824
43786
903948
43790
248594
833326
1231640
1813285
1289001
420663
600897
1248068
1305416
699212
101198
1731414
1387353
616250
1665889
461673
1559402
584558
1477487
666509
1526676
1346453
723862
723866
1616800
1706918
1608616
265129
134854
1665972
723909
166856
30540
1592268
1117133
1944527
945105
1788886
240602
1018845
519142
2123605
1346564
363538
216092
1772577
1141796
1330215
1076269
1838129
535604
1707066
642110
2063543
396373
2124886
1876849
1002597
1272937
257135
765041
242064
494707
789621
691321
1518715
19585
1887362
289923
1928325
994441
1158288
265361
1924291
732313
52378
273563
699590
60582
1232046
134330
1666237
298174
1363136
322763
330948
1223878
855239
855243
1387724
1830093
1993935
1371345
134357
1240280
781529
1150171
707806
568561
1961206
2059511
77057
109831
396555
576789
1371421
2116894
1953055
1445153
1789225
896300
2067678
1658170
593212
2129120
1101122
1994052
1412422
1027400
396617
1584467
1101151
1805669
937318
732521
666988
1207662
1305968
1888315
847227
1379722
1342702
1650076
486817
1551780
1355175
1453498
858015
1707452
822727
1043919
2100692
1437143
888280
273881
1920475
440229
1600994
2051555
273895
732648
2129148
28141
159227
1062826
2133510
1273363
347684
1797670
1510959
765492
1527353
912954
1297985
1461830
1945160
527953
380500
1601141
739263
2092671
904833
1797768
2109068
1437328
896663
609944
2068124
241314
298659
61093
1740462
1511087
921267
1306294
741048
2100511
807562
1912519
1396427
323276
36569
437986
323304
2092796
798464
372490
1871630
821208
1003290
1281819
380700
888605
1986347
1199933
331585
20297
1191757
520019
1437527
1953624
1988988
454491
601949
454496
53090
814949
1576809
413546
2117487
1511284
1953658
798606
1961875
1077152
2084776
69547
169970
1716146
208821
1585083
69565
2027460
454599
544727
831454
1658849
1708009
1167338
2076653
1454066
86006
671181
1347583
348163
2117637
118790
307207
684050
1536032
634913
1544226
1101865
1568814
1468424
1388603
233532
1601598
2125888
1421377
42147
168006
307272
2060380
503904
1224802
1600870
798822
1118312
1765484
2027633
1077366
1151095
1921153
1880196
1355911
1331352
118940
1970336
86177
397485
2131999
1388732
823487
2117825
828856
1421517
1577170
1224916
1347798
315607
1241311
790755
372964
970981
209140
1323259
1773835
1528076
872721
1937683
250137
1429789
307489
2115634
233774
2052407
1175868
1134910
1208639
1405254
61767
782666
1677367
2011468
1347920
1438043
430434
889203
1225079
1560952
1380746
12688
1233298
889244
1651105
1940891
1069477
1315239
1880490
283059
1921460
1348021
217526
307652
266728
1913330
463347
283127
111103
250376
201225
78346
1970714
971295
520747
799285
1913402
1290815
1921604
1012296
1602129
1528402
12886
421306
537195
1995380
800873
856712
1028746
2044555
1413774
692880
742033
692883
717463
873121
684711
1766058
750262
1987258
1569472
1008417
791241
873167
512727
1987289
217818
1569500
1143518
1020639
496353
127720
979691
1954542
709361
4850
78581
1749757
480000
45831
1610510
406326
2028347
127808
504646
193351
1184595
1495892
1135446
365403
1291100
1078110
152422
439145
2126699
996205
750456
1971065
1758083
218001
1938324
177048
406429
537506
1446834
586682
480190
1930175
807872
676812
881620
431061
1938392
2020314
1168349
1692642
2036707
111593
2094065
791538
2110451
1856500
226293
1979383
373752
422740
1446906
300032
906243
62473
1217546
111641
1766427
1963043
594981
193577
243682
177209
1741883
472127
1078336
1381443
1184843
1832032
1004641
21605
1791089
316536
619649
644230
1102984
1782921
1037451
1414291
144536
201893
521383
742575
324788
226488
881855
62663
1881291
840910
988373
70871
1627352
226521
1086690
742628
447719
1299688
2094316
537839
103670
111864
1742080
988418
201990
914702
324887
1389849
1815837
316708
734505
693551
292147
1111358
1488191
668997
283976
1819811
988492
1693009
777786
1824102
406890
1029484
62833
1652083
1529208
1136000
816517
1709446
955787
406927
1668500
791958
865687
1463706
1365411
1274781
1994312
849330
816563
546231
1209784
759226
791997
792003
1345782
923080
2069961
824778
1209803
1258957
1791454
898528
1750498
2078183
357864
407020
628210
1889779
1816057
259583
1745836
1775115
103949
1668622
431647
267810
1889830
1373736
2053673
267827
185908
1647540
931392
120385
538184
1619529
865868
1939021
2135635
874071
341592
2086493
1898083
161381
1824360
1463924
677496
906884
202384
1914850
1287726
448157
1554079
1971881
505514
1840811
956082
267955
726709
1193654
1447611
169662
1191541
1758919
1414859
1324751
1980116
1501476
63206
947951
1168340
14077
743166
1111807
1103619
1103621
1169164
751379
1447701
603926
1193762
1578789
808742
423723
1554222
325425
1988408
563003
1128252
1578822
1374027
120652
538446
1644373
1644375
776028
1111903
1202018
235370
292719
685941
620407
1636225
1890187
2119564
14225
1439638
1288517
833445
260008
1292202
432045
735155
1382325
1272137
145347
1718213
276426
79822
686032
571346
497626
1292253
1259486
1546210
79858
2004979
79865
1964035
1349636
284680
1988625
899110
448562
153653
1177654
1669175
153657
612412
2086975
2029632
2013250
948296
1603657
1693770
79947
1136718
1251409
55379
1882197
694360
637020
6243
1464425
96368
1202295
768122
1489258
2128000
1819670
284815
1906832
1800344
833694
1349797
923816
538796
1546415
22704
759985
1987704
407747
1665398
1775814
599073
1292488
1186020
997609
940267
2054381
2021624
145663
1448195
1497359
1308948
137497
956701
1947941
1620275
235828
1800506
661819
1530177
211270
858448
727378
727382
2070871
1849690
1016891
1407338
948590
2054512
670065
1751414
1993108
1350010
743804
1055103
1309057
72076
801166
1014179
88488
645550
793007
1423792
2021810
1702323
31164
2103741
334298
973279
907749
1120742
96748
1169904
833960
301567
1620480
981517
973340
186909
334369
1030694
1514028
1120814
1899055
350768
1702453
1169980
1339146
956992
604739
1833541
629318
1727048
2087498
1006157
1276497
2054745
784988
1956447
1727077
1112679
2128488
2120302
211568
1612401
1367827
1186426
946781
1374852
531084
703117
1038994
1120916
1981083
228013
2075080
178871
1686209
1399495
703176
1129167
1399505
1874643
555732
1145577
146166
2028095
195331
342791
1145613
1981199
1827971
498457
637724
817950
1743650
375590
1751850
1063736
1974068
1850184
1841993
424779
1235788
1112914
2087769
1096540
1694181
1653602
940901
1317734
572263
1162095
1571702
277368
105339
646013
1981310
1186692
1850248
621451
1923999
1546736
1538989
293824
2030530
1104836
621510
621523
1391572
31702
408535
572386
973795
1006574
1088495
1473543
334863
449557
515096
490527
891936
1276966
31785
1145898
1735725
826417
1915955
146485
1776694
1866829
1104977
1547348
2088021
1465433
539738
1604699
392300
1490029
7282
1388393
72829
1539210
220306
498842
2112674
1506472
662697
752814
941231
670903
785593
1490115
1424580
646345
23757
359634
1817813
1858776
1154266
2112734
416992
359653
1580263
941291
56556
122094
1588465
1680595
548090
965884
212225
711944
1588505
97563
797232
351522
2120998
1645863
1088818
1465658
1826111
1637698
671044
1056070
1291490
1875279
1858896
1457489
646484
49038
1064282
245083
154977
1113449
875889
7554
1580420
1490319
581008
171409
920131
1834388
130454
2024844
1053935
220579
216842
1719724
1719726
1392056
1539525
1916358
744905
1072588
949709
433615
1850839
261596
1021825
1948241
2031080
638444
1555950
1727985
974331
687613
1924621
1523215
908820
1531417
400922
2072091
482854
1982000
622130
597555
1556026
835132
1588799
1334848
1891909
720456
32336
810578
1324302
278107
245340
171628
2142141
24180
1719926
278139
40576
2106646
999053
966293
1466010
1777310
56993
1695394
450211
2090048
1081001
1769133
1310393
1769147
925373
81599
614084
909010
1133947
892638
1908449
2031331
1801957
909031
982760
1384169
188139
270064
524022
24316
1040126
2072320
1744642
771371
1269509
1187601
1236755
827157
1507094
1971503
1416995
1785636
1367857
565042
352052
1326903
950072
158346
32580
1113925
1548104
384847
573266
1056598
769892
1138537
917354
1893693
262002
1163126
1503209
147325
302974
335747
2105223
1556363
1728398
884628
65429
303012
2105253
548785
49078
1621943
1073084
417726
1966019
1023943
1884106
794572
76451
344025
1295695
1515488
1073125
974822
2047996
294893
507886
327663
8183
1204220
