33054725
32823303
32342024
32532493
32614419
32360471
32393245
32722974
32464932
32663592
32839722
32929836
32503853
32303155
32911413
32917173
32988512
32639042
32737347
32933957
32981062
32680008
32364622
32415830
32600151
32546905
32340060
32671837
32622690
32671846
32383084
32696431
32374896
32940145
32931177
32680064
32821377
33023124
32907402
32653452
33057133
32538772
32894318
32522397
32735392
32444587
32480285
32932019
32417822
32899444
32422075
32700608
32856264
32387277
32312696
32396323
32366807
32831711
32332001
32520421
32501990
32372974
32336111
32923688
32434418
32362742
32446713
32581883
32790791
33016072
32387337
32485651
32506133
33016089
32358683
32381212
32553245
32352546
32973092
32667944
32420137
32814471
32348461
32846126
32590130
32457011
32393525
32368950
32592186
33061179
32791879
32645443
32325960
32971089
32987474
32665952
32633191
32637290
32940396
32657773
32856435
32309620
32733557
32969082
32590206
32446847
32557444
32653703
33027479
32315793
32467350
32455066
32819611
32680688
32668066
33042502
32958886
32510383
33026493
32866752
32324042
32637391
32574200
32403926
32958935
32604636
32729565
32772576
32657889
32797154
32690659
32659942
32902907
32965099
32690670
32430577
32707059
32354808
32541177
32551418
32375291
32885245
32315902
32406015
32924416
32625155
32817459
32420363
32770572
32666125
32475664
32836113
32428563
32397844
32776725
32920665
32483886
32916020
32873015
32641594
32391740
32848446
32987713
32569922
32592461
32870990
33028693
32830045
32588382
32784994
32557668
32338533
32535142
32741997
32850548
32438901
32971384
32936570
32635515
32933191
32561797
32576134
32950922
32756378
32458863
32365214
33010335
32692899
32412324
33049254
33018536
32537257
32914099
32381626
32662203
32987594
32930497
32535235
32727754
33037432
32903890
32880941
33058596
32893659
32533223
32615152
32297718
32660216
32905979
32480000
32774919
32617225
32658186
32989968
32968152
32680723
33051412
32758561
32379694
32924464
32342834
32357171
32840504
32661300
32842557
32645950
32510784
32930625
32666437
32664391
32361290
32865100
32598865
32674275
32779092
32754526
32904031
32762720
32504673
32381795
32508775
32334699
32297836
32945981
32514931
32705396
32709494
32371576
32901268
32697210
32457595
32406396
32355198
32727872
33016706
32951787
32510852
32662406
32938893
32469902
32347027
32756631
32340889
32428954
32387995
32600990
32469919
33022881
32867236
32936869
32609192
32904110
32576432
32678833
32672694
32873402
33051580
32904010
32457666
32766915
33055690
32846795
32650188
32959443
32797653
32357335
32336856
32912347
32555996
32859112
32590825
32728042
32816115
32709630
32875520
32394241
33061897
32746507
33008655
32969744
32545818
32304157
32590879
32302112
32379939
32574503
32664624
32896053
32484406
32431160
32980028
32371774
32754752
32623681
32996421
32590921
32592978
32996765
32754777
32433243
32537104
33051747
32853092
32490602
32791659
32345196
32535665
32535671
33023096
33014293
32601219
32810116
32871557
32621702
32377997
32337091
32744596
32406677
32870196
32392346
32765093
32728231
32851114
32928939
32588973
32926895
32535733
32928954
33029307
32935101
32359615
32339138
32445635
32754887
32505034
32978125
32839237
32625872
32350820
32535763
32914656
32644322
32574691
32906469
32498926
32592083
32967925
32431355
32331017
32767242
32793868
32681230
32343311
32970001
32615699
32523541
32355608
32840985
32511258
32701731
32640293
32654641
32872929
33059039
32392515
32900662
32650566
32703815
32302414
32748882
32924558
32997900
32554332
32675168
32546145
32814441
32576876
32775534
32544111
32869744
32435570
32697715
32314743
32521592
32906617
32585085
32742784
33019267
32298375
33025420
32961933
32404879
32419220
32609687
32544324
32880026
32765339
32781725
32826783
33045926
32839081
32904618
33021355
33006518
32683440
32630193
32400822
32852895
32536001
32675268
32884982
32966088
32585162
32314827
32759244
33048013
32439762
32499157
32839126
32302552
32488921
32488923
32723859
32298464
32882145
33043938
32998883
32452075
32302573
32300527
32994801
32343538
32962035
32630261
33015381
32488961
32939522
32435718
32724487
32974424
32423447
32996893
32677409
32693169
32355881
32833071
32769584
32661043
32699956
32339510
32831753
32605754
32912650
33048160
32642627
32509508
32724549
32968264
32456266
32560718
32839252
32644693
32431704
32311908
32340581
32917088
32935521
33057382
32304743
33060462
32826993
32801043
32685684
32933495
33003129
32305087
32427644
32558734
32970400
32901403
32446118
32736937
32528042
32968371
32814773
33029748
32816827
32497341
32653941
32810955
33058501
32407242
32583970
32605903
32425681
32597715
32843481
32775898
32922917
33058528
32579297
32962275
32612069
32876262
32460522
32831215
32839412
32313079
32454392
32972537
32653051
32691964
33015552
32435970
32317188
32657157
32661263
32714512
32685841
32423699
32519958
32517914
32427804
32707205
32567075
32825124
32542504
32952110
32761648
32864050
32616243
32335668
32579550
33046332
32681789
32913215
32849735
32933708
32845646
32321361
32642899
33037966
32493399
32345944
32573284
32913254
32948071
32556905
32997226
32528239
32776052
32833397
32950138
32348029
32321406
32908615
32585606
32962540
32601996
32788366
32790424
32948127
32530339
32976198
33060775
32970666
32662855
32708534
32403384
32364475
32477119
32561091
32346052
32624587
32933843
32597974
32782300
32634846
32643043
32516068
32663530
32897003
32948204
32979966
32946167
32778234
32444413
