23568388
23825750
23502855
23492617
24076631
23769105
23527442
24049687
23359512
23699481
22986778
23557807
23863324
24230234
23754783
23236640
24035362
23589573
24010243
22997034
24155507
23341100
23842862
22921263
22892592
23257138
23944169
22911029
23609124
22896696
23304250
23896123
23216192
23341123
23318596
22941765
24076359
23500872
23646905
23763018
23248971
23097420
23656802
23666770
23455417
24249172
22997083
23902300
23438010
23617630
23933968
23769186
23544817
23040101
23565003
23580777
24283244
23456504
24232049
23939187
22880372
23548606
23359606
24227960
23124089
23351418
23392380
22931581
23185537
23774261
24064133
23728262
24192364
24011481
23763085
23568526
23986541
23126160
24225816
23308435
23703702
23509143
23122076
23531679
22874273
23017637
24035494
23548073
23183530
23451335
23703724
23458552
23781553
23357618
23505267
23259080
23976430
23232699
23171265
23441603
23113924
23527624
24023241
23849164
23742671
24109264
24008914
23726115
23357652
23273685
24154477
23458852
23357659
23615710
24002784
23007457
23296226
23769316
24266982
23687403
23947500
23171309
23757038
23634160
23703794
22909172
23798007
23689464
23492858
24002811
24133884
24043774
23762645
23490817
23316740
23746945
23070764
23046410
23290126
24230957
23490834
23027989
23302873
22946074
23316527
23558431
23873584
24229644
24037671
23609640
23886121
24283437
23896986
22982960
24248371
24281648
23277877
24279973
23966010
24281404
23456061
23773503
23011649
24051083
23383094
23374150
23120609
23712140
23676983
23397795
23966030
23388497
23715996
23805667
24244103
24185230
23759190
23726423
23748952
24167140
23826778
23744911
22868318
24203615
22876513
23310690
23910755
24234342
23026023
23431530
23724397
23888238
24239165
23519601
23163251
23406965
24244143
23982458
22937979
24019324
23597440
23611777
24089379
23136645
23923078
23222664
23975755
24119716
22903180
24267149
24068494
23654799
23808401
24179091
23417237
23581080
23072836
23153052
23831962
23075232
24184639
23878052
23740828
23292333
23007665
23433651
23771576
23896506
24205755
24281162
24150463
23083076
22940098
23474628
23665094
23774625
23347656
24214510
23497162
23005646
23204305
23599570
23327187
24117719
23695610
23183834
23612495
23028188
22923742
23159388
24132970
23939557
23523814
22985192
23181801
23128555
23785966
23949666
23529976
23261690
24271615
23919100
23511552
23859715
23669254
23233032
23134730
23069196
23923117
23532049
24095250
22919699
23962132
23573934
24057604
23675419
23865884
23374365
23355935
24144416
22987297
23331365
24257340
23314985
23964202
23194157
23935536
22858289
23038514
22997555
23919710
23745079
23847482
23409215
23753281
23939657
23374411
23024206
24240909
24252856
23705699
23634516
23444053
24124857
24122837
24068698
22989404
23556704
24156775
24005226
23988479
23597681
22921843
23569012
24049346
23077497
23693947
23276157
24173970
24123954
23802496
23618177
23793550
23884419
23466628
23997063
22999689
24044171
23245452
23366082
22960787
23784085
23954072
23525828
23499419
23106205
22897310
23771807
23564960
23898785
23084827
23836103
24236716
22858414
23483055
23615944
22928050
22940339
23388853
23206583
24214200
22989497
22966538
23366333
23063230
23254133
23403202
23302853
23552711
23878344
23710410
23294667
24001231
24185672
24185553
22870739
23352020
23186133
23644886
23061209
23440091
24247004
22885087
22938337
23276259
22905572
23468773
24042214
23142865
24072316
23749355
23438060
24161746
23785597
23237360
23245557
23005942
23243512
23936127
23325439
23671555
23938260
24121473
23159560
24175371
23616269
22940433
23651459
23755539
24023833
24005403
23980506
23909154
23550755
23812900
23325478
23972316
23444267
23786290
24228662
23173948
23128893
23407424
22915552
24081218
23368515
24261445
23089992
23262026
23534412
23483215
23386961
23413586
22911827
22997844
23663445
23849815
23006040
23395161
23556954
24273039
23286622
23493471
22934370
24261478
23292776
22987625
23087978
23288683
23612268
23516013
23698287
23812976
24212627
24255349
23169911
23942011
23436158
23618431
23634816
23182452
23368171
22866823
23122824
23688075
23925647
23415697
23767954
23755668
22883822
23137177
23495578
23139230
23379061
23288741
24100912
22875048
23237545
23436203
23520175
23518128
23477064
23038898
24011701
24105912
24104095
23657405
23952319
23440320
23419841
24143126
23874499
23537825
23393225
24281025
22897612
22967246
24136655
22924241
23495634
23022553
24009690
23106523
23174109
23266270
22897632
23337953
23718737
24153064
22887401
23929834
23516139
24258378
23860205
23172078
23186600
23290866
23880691
23774197
24070313
23628319
23470932
23759866
23553021
24255487
23297024
24133462
24239111
23854088
23560857
24181773
23188495
23018512
23700739
23953923
23028757
23946589
23369561
23747867
24017945
23945628
22892378
24034335
24261664
23751713
23381028
24158726
23857329
24124459
22912044
23974066
23421999
23172144
23171342
23779507
24030260
23368757
22901814
22965305
23596090
23796969
23282749
23231551
23398962
23249987
23166022
23075340
23084111
23778384
23966904
24230994
23524435
24114702
23422038
23870894
23004248
24243290
23280732
23592029
23454814
23120059
23997540
23489637
23663121
23028840
23159913
23951710
24149100
24054168
24108011
23127156
23250037
24050807
24274042
23979132
23866258
22903935
23391360
23141506
22979715
23037060
24107416
23202950
23866504
23571595
23673998
23788688
22959250
23959747
22920340
23596181
23506073
23776410
22873246
23805125
22867104
23828888
23866531
23710918
23123112
23678124
23119024
22901940
24267957
24001718
24075447
23237816
24054969
23434427
23303356
23102656
23499969
23876811
23407813
23030982
23907587
23918796
22940875
23090380
24036559
22881488
23624915
23147732
23397589
22893784
23743705
23465178
23528674
22996196
23409894
23010537
23413994
23762156
22906094
24018159
23880944
23926003
23330037
23268598
24073769
23730388
23725370
23926017
22996227
23631109
23352582
22924552
23585774
23051533
22881551
24138568
23121174
23428375
23049499
23092508
23822213
22963489
24278311
23168297
23479175
23073330
23930158
23051567
23887155
23000372
24253750
23133495
23547192
23634856
23183626
22900033
23414082
23741763
24215699
22967621
23934278
22875463
23133513
23160138
24055351
24213858
24096080
23536978
23448915
23634400
23563606
23233819
24010074
23084380
22981981
23123294
24055713
23270756
23780271
23991654
23751569
23557480
23348586
23262572
23006573
23102832
23031153
23512435
23151991
24217883
23605823
23596413
23635331
24196488
24193260
23932299
23797594
23244174
23891344
23483794
24065262
23508375
24194457
23563674
23536538
23627167
24155058
23537057
22907369
24112550
23465755
23469481
23162286
23256496
23844273
23113138
24020405
23625142
23049655
23623096
23552244
24124730
23868860
23369149
22992318
24186101
24148830
22869441
23268803
23930102
23012807
23948876
23939659
24110541
24149454
24147508
23956945
23033298
23267918
24047063
23492057
23047645
23170527
23986439
23748067
23533028
24075311
23981544
23105001
23371242
23390119
23889388
23217646
23604720
23344040
24206014
23520757
24144809
24079956
23743995
23932417
23791106
23676419
23647749
24012375
23496205
23035406
22963634
23057939
23402004
24249531
23236120
23549465
22978075
24153629
23742137
24175801
24151590
23807809
22998569
23768618
23914759
23123500
23252525
23326255
23903794
23053876
23742634
24165944
23367226
23008828
22951485
24016448
23164484
23299654
24053319
23590476
23039566
23148113
23389795
23531092
23225941
23672761
24188509
23246430
23346783
23139939
23783014
23762535
23465578
23615084
23322221
23510643
23064180
24073846
24045175
23518840
22918777
24186491
23535229
24075905
23510294
24135617
24166026
23301771
23291532
24012738
24231373
23772816
23976661
24055443
24037856
23246488
23984800
23257370
24055457
23744162
22888099
23645860
24274597
24272550
23375132
24031175
23375532
23043759
23829155
23334577
24169075
23680694
23066615
23410361
24169640
24041540
23920321
22875842
23379652
23633605
23391943
23645897
23439052
23494066
23624654
24043996
23701313
23428832
22912737
24127202
23660259
24258854
23150311
23019243
22912748
23097080
22888186
23684861
23115518
24173184
23213827
23490308
24198924
23639821
23959311
23936785
22930295
24199283
23222038
23629591
23792260
23176986
23148315
23736094
23988001
23437090
24010531
22931236
23828263
23576361
23837775
23134000
22988593
23967284
22925114
23664443
23050046
23117631
23557953
24039234
23732035
23926599
24062617
23426889
23211850
23801143
24153933
22998864
24270273
23465814
23713623
23000921
23113562
23539547
23166813
22923103
23758691
23762788
23977829
23172966
24142895
24078184
24010601
22896490
23824237
23732079
24164208
23330673
22956008
23390071
23086968
24147834
23070593
23875459
23918468
23213957
23162758
22990727
23676808
23189390
24278929
23771026
23267219
23492500
23389166
22892439
22984174
23746458
23209883
23652252
23920965
23369633
23515803
23863206
23256999
24102901
23951274
23580587
22964140
24231854
24234653
23892638
23281591
23415717
24123323
23792629
22978496
23796384
23181250
23633863
23277512
24246218
23130059
23459789
23748035
23697359
24135634
23461539
23281623
23881693
23406559
23396320
23322600
23627754
23554027
23482351
23484404
23648254
23242743
23207928
24158203
22984700
23186241
23987541
