12513280
12589057
11644930
12807851
11735045
11898889
11730956
12361389
12320786
12361748
12367894
11718679
11730968
12037124
12564507
11520028
12414981
11532323
12105764
11716646
12017703
12281896
11679786
12724430
11991089
12836915
12212276
12794206
12267574
11872311
12521530
11978811
12566591
11782208
11669569
11870274
12329027
12827162
11978824
12822482
12644427
11855949
12568654
12671637
12410961
11542610
12640339
11604053
12462166
11960407
11507800
11841625
12791898
12217359
12665568
12173905
12012560
12285286
12504081
11735721
12793962
12654700
12560061
12279921
12162285
12703281
11522167
11769978
12519548
11989117
11763838
12392575
11448450
12288132
12820615
12574856
11493513
11591819
11591821
11698320
12689553
12601492
12298606
12468375
11491480
12103834
12579183
11448479
11593888
11589793
11511973
11763879
11864233
12265642
11643051
11530412
12499314
11784366
11864239
11829424
11438257
12023987
12832923
11905206
11540664
12234302
12570314
12239038
11694271
12030144
12204225
12387019
11620549
11546822
12805168
12225086
12347595
12163277
11759822
12349648
12275312
11948243
12527830
11970775
11595993
12546266
12593371
11530618
12021983
12466400
11690209
11501795
12325093
12624587
12079335
12077288
12390439
12634349
12036334
12671357
11538672
12426801
11632882
12018387
12232949
12684497
11686135
12097784
11899131
12050684
11784446
11609813
12038400
12605646
12810762
12273923
12626181
12557279
11518215
11614476
11905329
11583758
12611904
12095761
12296466
12351875
12513556
12669998
11450646
11489559
11960600
12224796
12323101
11827487
11604256
12316961
12461557
11450659
11477285
12828966
12536881
11852075
11671853
11591984
11555121
12642612
12811998
11974967
12804410
12384571
12707210
11499838
12796223
11786560
12012256
12814049
11577673
12044619
12663117
11456848
11469137
12824813
12448987
12762322
11987289
12756367
11825500
12775482
12151134
12419429
12480872
12736364
12775061
11823469
11522414
12130671
12376432
12783985
11893106
11450745
11792762
11800957
12288382
12758421
12138560
11463042
12296579
12194180
12260283
11853889
11649416
12797676
12786058
12848547
12831811
12001686
12165871
12315036
12458398
12005791
11520417
12083622
12445174
11981225
12005804
11942317
11463091
12650933
11704758
11723191
12661488
12741054
12165567
12364226
12438833
11553223
12630773
12214731
12609728
12413392
11559377
12214738
11860435
12436037
11637205
11917785
12130781
11465182
12383653
12044768
12159458
12096934
12030438
11749864
12034537
11923947
12169708
12562925
12442094
12095125
12581019
12042741
12110327
12395157
12773881
12499711
12825087
11440640
12276230
11629065
12122634
12524044
12360206
12843535
11629072
12206168
11508246
12116503
12444185
11512346
12137903
12448285
11844128
12310693
12007972
11864614
12313127
11459114
11829804
11469357
12286510
12128821
12751341
12306527
11776572
12635914
11641406
12163647
12491872
11588164
11606597
12707202
12173409
11516491
11760206
12329551
11956816
11545169
11864658
12610131
12369002
12169815
12821082
12760847
12747488
12278366
12851807
11674208
12325473
11547234
11898299
12851814
12118631
11612776
12833554
11441406
11688562
11506291
12578841
11635318
11672184
11875092
12157562
12303466
12210816
12550785
12292741
12435699
12493529
12083851
12788364
12389007
11430544
11786901
12681878
12137112
12749465
12810351
12178076
12144410
12376735
12294816
11440801
12587684
12239526
11625127
11682473
12569159
12350919
11461292
12758473
11674297
12730143
12729024
12564074
11932357
11745993
12018379
11506380
12503758
12505807
12303057
12853448
11449043
12661460
12182231
12358360
11746009
12249210
12038879
11825888
12541392
12049123
12491495
12448488
12393596
12655339
12430060
12685162
12251886
11993213
12593904
12709849
12451966
12409591
12004089
11844346
12212693
12604160
12548866
12444376
12798728
12730854
12342026
12481291
12538669
12540690
12190483
11471636
12032790
12675267
12856094
12147488
12270384
12370725
12455729
11627304
11442989
12002096
11854641
12815418
12759861
12008246
11989818
12430143
12596034
11915403
12768068
11846472
12096330
11928395
11768653
12499605
11666257
12731218
11967315
12041046
12531513
11469656
11465562
12553480
12569506
12832912
11563876
12614501
12260198
12733585
12602217
12737387
11901806
12555121
12491636
11527029
12071800
12063609
12086138
11493183
11780988
12166880
11950974
12833941
12532608
11778947
12844182
12641159
11537288
12563337
12261877
12749587
12671469
11895697
11925059
11922243
11690901
11457430
11967385
12531864
12608411
11695007
12086178
11515035
12602276
11471781
12788621
11486121
12841898
12559275
11492269
11592624
12750323
12405684
12389302
11660215
11858872
12377017
11707323
12463036
11525053
12753854
11477951
11690944
11606977
12434372
11609590
12001441
12139466
12488183
12825551
12384836
12295123
12006358
11711447
12217304
12045275
12078044
11830237
12172255
12588000
12753890
12137444
12800997
11875302
12424167
12522472
11783145
11548839
12317677
12273149
11914901
11803634
12344307
12059638
11630761
12080120
12306602
11568126
12114943
12516352
11710976
11711659
11531268
12499798
11508742
12190727
12715722
11871244
11987981
11695119
11912208
12002136
12493842
11887636
12270616
11996185
11661487
11557916
12311582
11555873
11570212
12031013
11699241
11494443
12719148
12043309
12162094
12709725
11609136
11441201
12172338
11682867
12209205
12243465
12100664
11949114
12692319
12033084
12023306
11793472
12366913
12348482
11625539
12160070
12469115
12364245
11609163
11674700
11539536
12172369
11527253
12735575
12184665
11660378
12356699
12242012
11701343
11789408
12536849
11809894
12647612
12270698
12843879
12338284
11680877
12432494
12745839
11437168
12298088
12727410
12566992
11510902
11535480
12616825
12328058
12045436
11938941
12475518
12203135
11990208
12831300
12092351
12518535
11822217
12706955
12485774
12222946
12426386
12521667
12731541
12666006
11455642
11506843
12446876
11971098
11785374
11884741
11530438
12639398
11429031
11773098
11672747
11912364
12301489
12267038
12094650
12008636
11844798
12137703
11662528
12410050
12800203
12463305
11709642
12377407
12109006
12305272
11674834
12588243
12338388
12102869
11470713
11910360
11834916
11947226
12358875
11977948
12551392
11511010
11431139
11853028
11740390
11480295
11814122
11707627
12066029
12518639
12756239
12672242
12330227
12715253
11609334
12123384
12111927
12824454
12319995
11500798
11822338
12203267
12399877
11498758
11468039
11617544
12328202
11674891
11847554
12619235
12139795
12789012
11808023
11984152
12375321
12393755
11805982
12274978
12262691
11695397
12646855
11722289
12750120
12242140
11812139
11837305
11488136
12021297
12371254
12770859
12285240
12148026
12161247
12090684
12752778
12301631
12275009
11459906
11840835
11507013
11795788
11543885
11844942
11627855
12019024
11654482
11576660
11437398
12086615
11867481
11572570
12301664
12309734
12019046
11711848
12013729
11957611
11767151
12088211
12772724
12071486
11584889
12799355
12277116
12428670
12262786
12759958
12146054
12828736
12311109
12406154
11564430
12076431
12244368
11502994
11464083
12645780
12375445
12749721
12203317
12137028
11525533
11781535
12341147
11490725
11904422
12129706
11636139
12750926
12242349
12037668
12277169
11957682
11507123
12269129
11697595
12393917
12701553
11759041
11994562
12705222
12339105
11910825
12705227
12281293
11546064
11869091
12139988
12365270
11666905
11601371
12766684
12645088
11463589
12189153
12744162
12065019
11666917
11505127
12166632
11519471
12322290
11957747
11561214
11619830
12314103
12752377
12021242
11664893
12497241
12357119
11601408
12273156
12736006
12037156
11824650
11720203
12758274
12772269
12445200
12363281
11939348
11492885
11509270
11578903
12166686
11930544
12054448
11494948
12480037
12146214
11503146
11707947
11460141
11623985
11851316
11699765
11617846
12387896
12076602
12531260
11781694
11889931
11435588
12631621
11933256
11458121
12611147
12176973
11859534
12832667
12415246
11968086
11839065
12734043
12641884
12444169
12756574
11771491
12246628
12775278
12796177
11470441
11560554
11509356
12668525
11896430
12344943
12260976
12531316
11986549
12256886
12736362
12199544
11998843
11783805
12633727
12816000
11963328
11998856
12268775
12095114
12249367
11611788
12512317
12340880
11435665
11902610
11640467
12355220
11794069
12496536
12669831
12371611
11505308
11599517
11460254
11507360
12025505
12627618
11493028
12267174
12082549
11441833
12713927
12222124
11520626
12824861
12715132
11763381
12224182
12306104
12687854
11634634
12414658
11800259
12142276
12186230
11718343
12414664
12003018
11914957
11931344
12472611
12629716
11441877
12314329
12230364
12848421
12150494
11818020
12082912
12709601
12815995
12813606
11548390
12493157
12433128
12148457
12109546
12695276
11658989
12843061
11833073
12019442
12707571
12743977
11652857
11818746
11810556
12474109
12437246
12310271
12847056
12801794
12601091
11925253
12409823
12660353
11829001
12183306
12606423
12388108
11966223
12247000
12298002
12360859
12011287
12061003
12261149
12398366
12157159
12826401
12209406
11579175
12717591
11980585
12605227
11988781
12796893
11726640
12191368
12082995
11700021
12783414
11487031
12261431
11943739
11824959
12755936
12847388
12115780
12825910
11880262
12121934
12804670
12060502
12228440
12159972
12199771
11591516
11908957
11704159
12332896
12134243
12400484
12689253
12107623
11751272
12052330
11843436
11970413
12611438
12625777
12449650
11816819
12452158
11921270
12422102
11435897
11515771
12774128
11900799
12017536
12370240
11816834
11499398
12458305
12531592
11646857
12455818
11648907
11710350
11698064
11958163
12029845
11599771
12681383
12208030
12184560
12322725
12722089
12432370
11585454
12031920
12767155
11448245
12369846
11938121
12244093
12049688
12744639
12527552
11448258
12048323
12649537
12447393
11515848
11673546
12283736
11769809
12761992
12842963
12437460
12037454
12468182
12224471
12017624
12627929
12773338
12232672
12226725
12492770
12822523
11938129
12271612
12431338
12177387
12379474
12021744
12658674
11831284
12178430
11868841
12513272
11964411
11913212
11831293
11552766
