1964036
2117638
1468425
2682891
1843212
2643982
2383887
2845122
1938393
1441813
2470660
2238487
2824196
2741935
2512924
2428957
2161669
2132000
1536033
2499098
1544227
1697010
2248750
1568815
2711601
2469938
1542195
2570292
2121781
2016265
1669176
1993019
1888316
2656317
2816345
1601599
2086976
2029633
2478146
2013251
2537541
1744969
1603658
1693771
2793549
2254930
2478300
1882198
2846735
2060381
2420831
2760800
1572963
2815316
2097255
1447612
1464426
1851499
1765485
2328686
2366141
2569576
2027634
2369651
2537588
1585271
2252921
1550458
2728061
2500734
2775167
2128001
1921154
2244739
1880197
2186945
2410633
2154635
1548428
2806466
2572432
1906833
2638971
2310294
2007192
1800345
1501340
2015389
2156703
1970337
2834595
2246822
2377895
2257065
1548458
2348322
1466544
1912520
2417950
1450167
1763513
2207930
1736893
2802037
2396352
2117826
1775815
2642121
1665399
2113740
1622221
1706190
1499344
1577171
1558740
2797869
2717259
2023644
2824415
2823852
2226405
1908970
2396395
1630446
2232559
2695409
2144498
1663224
2021625
2169082
2124159
1818880
1448196
2242690
1435911
2406837
1892618
1773836
1528077
1497360
1937684
2830613
2393403
2083098
1708079
1429790
2779423
2126114
1990948
1501477
1947942
2286983
2736572
2158893
2177757
2371889
2115635
1620276
2052408
2234681
1800507
2396476
2362648
2852917
1530178
2646340
2339142
2789705
1925453
2255182
1763663
1677368
1976718
2034007
2070872
1590197
1849691
1438044
2548063
2848144
2419045
1741884
1581418
1489259
1902957
2380137
2054513
2759742
1624439
2193784
1560953
2215552
1708095
1988989
1668501
2590560
2625923
2834820
2802070
2125889
1679754
1665420
1974670
2736877
2711952
2169234
1542547
1993109
2703766
2302707
2144666
2774767
2738590
1845664
1651106
2728689
1436072
2359721
1880491
1761708
2795949
2021811
1702324
1921461
1614263
1894843
2582972
2525629
2103742
2729954
2515206
1751415
2551542
2210247
1739208
1763785
2450167
1821132
2746442
2388432
2810354
2200948
1975711
2632149
2431446
2807084
2171357
1551781
2106647
2389659
1694182
2189801
2358562
2099692
2464850
2510161
2092797
1546737
1851890
1913331
1876469
1999350
2208248
2107897
2491203
2607871
2243068
2359805
1620481
2345476
2237526
2444353
2165255
2773513
2817997
2273807
2357776
1632785
2370067
1499668
2819502
2372118
2376217
2167322
1970715
2748165
2540067
2204197
1444393
1514029
1899056
1917492
1702454
1673652
1913403
2525757
1706558
2113973
2028096
1493570
2486851
1583684
1442373
1833542
1727049
1616311
1589839
2531921
1602130
1528403
2437720
2054746
1731163
2654815
1956448
1606241
2162107
2173540
1727078
2703975
2128489
2824810
2236519
2585198
2120303
1612402
2304628
1995381
2413176
2092672
2114123
2216042
1641087
2226818
2763396
2790022
2044556
2839181
2271886
2353808
2267049
2189763
1940590
2248159
1993367
1624729
1981084
2521758
1886879
2689696
2712225
2262826
2736031
2364870
1729190
1450664
2757581
1766059
2139250
2140846
2538993
2598003
2075081
2359993
1987259
2222780
2172362
2210494
1569473
1686210
1917637
2191820
2632394
2024143
2345681
2756764
1874644
2143353
1987290
2847452
1569501
2658085
2822608
2550498
2007779
2239205
2592322
2476777
2520808
1954543
2669297
2267891
2075218
1909493
1786615
1581816
2075092
2579194
2115370
1749758
2528725
2325248
2376832
2175748
2263814
2609712
2764588
1673995
2714380
2144386
1610511
1981200
1437144
1874717
1606431
2091791
2216738
1743651
2671347
1813286
2629582
2517802
1751851
2800428
2720558
2818869
2632174
2459151
2069983
2028348
2548542
2536223
2464577
2437954
2374795
2650949
1850185
1841994
2200396
2366285
2833553
2425201
2048848
1600995
2184607
1495893
1731415
2835288
2687833
2087770
2249563
1665890
1588067
2819217
1559403
2126700
2560878
1477488
2489832
1876850
2259828
1860469
1571703
2081657
1971066
2732492
1637246
1981311
2833899
1758084
1442231
1850249
2706314
2613109
2792332
2691906
1811343
2132120
2821010
2286483
1526677
2620993
2108311
2550682
2364316
1924000
1616801
2704290
1614755
1706919
1608617
1745837
1538990
2624432
1446835
1647541
2612041
2526026
1930176
2456514
2030531
2139078
2389153
2681800
1592269
1944528
2585080
1592274
2477013
2513878
1788887
1819812
2020315
2828794
1729503
2524129
1692643
2036708
2272229
2274278
2247164
2812908
2477037
2692078
2751727
2319344
2094066
2110452
1856501
1979384
2454521
2446330
1446907
2803156
2478250
1623039
2122752
2774017
2803883
2123606
2679297
1473544
1797671
2350091
2112735
1614863
1644376
2114581
1819671
2528016
1766428
2736175
2365957
1546416
1772578
1963044
2784787
2183345
2857023
2317357
1735726
1838130
1915956
2366517
2708534
1776695
2253083
2552471
1707067
1532988
2072092
2090049
2417732
2106444
1866830
2483280
2577226
1983570
1653603
2665556
1547349
2088022
2124887
1465434
2215003
1604700
2813175
1832033
2122852
2806890
1490030
1908925
2743409
1791090
2527763
2206840
1987705
1911930
2254015
1518716
2321536
2854018
1887363
1827972
2233477
1928326
2456712
1782922
1539211
2739736
2671895
2686100
2571413
2526687
1778839
2765976
1924292
2350234
2184730
2454687
2117488
2112675
1623204
1506473
2564295
2354348
2270545
2417844
2840777
2063544
2575789
2649274
2710715
2612413
1666238
1511285
2544451
2434243
1490116
1795271
1881292
2266317
1830094
1696975
1993936
2221265
2742819
1680596
2016462
1817814
1627353
2503898
2596999
2067679
2129121
1988626
1606883
2496368
2184422
2528487
1580264
1901802
1889831
2094317
2446574
2725103
2649329
1588466
2620659
1961207
2059512
2456858
2292988
2129149
2569470
1742081
2204932
2602251
2764044
2665741
1974829
2385173
1858777
1582360
1574169
1588506
2433127
2487580
1815838
2116895
1953056
2252065
1445154
2348326
2120999
1645864
2105564
1789226
2490247
1926444
1971504
2374962
2200883
2458935
2630968
2680121
1465659
1893694
1488192
2802544
1637699
2456900
1994053
2583297
1556364
1951050
2355522
2153698
2794830
2336653
1875280
1858897
1457490
1584468
2555378
2761232
2099087
2069854
2524511
2399585
2273851
2098532
1805670
1824103
2162024
2803056
2555249
1652084
1869374
2751151
1529209
2604607
2534606
1938325
2475392
2272832
1600871
1580421
1709447
2530696
2846090
2024845
1490320
2184595
2272660
1834389
2186650
1463707
1940892
1650077
1921605
1492389
2403750
2716251
2470812
2577834
2166187
1719725
2759107
1719727
2538931
1754548
1994313
2690489
1453499
1707453
1598910
2007968
2087499
2416069
1539526
1916359
2239730
2069962
2753995
1914318
1983954
2633172
2100693
2211287
1850840
2314831
1920476
1791455
1750499
2051556
2828198
2078184
2031081
2477547
2836886
1948242
1555951
1836528
2145777
1727986
1889780
2673918
2856438
2153975
1656312
1816058
2811388
2194941
2700798
2427136
2151939
2438660
1598982
2133511
2570273
2369035
1775116
1924622
1668623
1523216
2215441
2774547
2721300
2184728
1531418
2498208
1656348
2436637
2686495
2297379
2278949
2210068
1721895
2812107
2053674
2451719
2651693
1510960
1982001
1730103
1527354
1556027
1590846
1665973
1588800
2331232
2586178
2618948
1891910
1461831
1945161
1619530
2308023
1939022
1814797
2508370
2711123
2135636
1869402
2331919
2473565
2086494
2270819
1898084
1458790
2469480
1824361
2074221
2381423
2361533
1463925
1861238
1719927
2093332
2627519
2223742
1664640
2829248
2643586
2505193
1797769
1738007
2686604
2109069
1437329
1681043
2778773
2354457
2832324
2250394
1466011
2068125
1777311
1554080
2480195
1695395
2311844
2249670
2584264
1918633
1971882
1840812
1769134
1740463
1511088
2054382
2031332
2772500
2258889
2471609
1769148
2643645
2016958
2852543
2793152
2100512
1623746
1601142
2664135
1758920
2469577
2213580
2306338
2728909
2350800
1980117
1492697
2844039
2113829
2344215
2776016
1908450
1804004
1801958
2840295
2346728
2778407
2391788
2791378
2754685
2510577
2598642
2242291
2213620
2834165
2295542
2529017
1615613
2072321
2642572
1744643
2696965
2346758
2458924
2480770
1722126
1871631
2834192
2513751
1447702
1507095
2840349
2631048
2664228
1785637
1578790
2253108
2025258
1986348
2330414
1554223
2590516
1974069
2454763
1988409
2216965
2395965
2207554
2299531
2823770
1910597
2737990
1578823
1548105
1658850
2727759
2682849
1869650
1914851
2762580
2531157
1644374
1437528
1953625
1640283
2748254
2569674
1730595
1658171
2831334
2795366
2506385
1576810
2279275
2713158
2658158
2103152
2162545
1582398
2848630
2322296
2836346
1953659
2731900
1503210
2506622
2375552
1826112
1636226
2320259
2620054
1836935
2105224
2519020
2516631
1890188
2119565
1728399
2559890
2295107
1961876
2635669
1439639
2641220
2686874
2146203
2303900
2187166
2604959
2571248
2658343
2313883
2105254
2219943
2232232
2084777
2197419
2837260
1716147
2852788
2140086
2283447
1621944
2479386
2373563
1585084
2615229
2142142
1902527
2487978
2654146
2652535
1966020
2027461
1718214
2219977
1884107
2503937
2162637
2296145
2011469
2723794
2679459
2430285
2394446
1818588
2822343
1515489
1664994
1546211
2246993
2437116
1708010
2402443
1693010
2076654
2346992
2586609
1454067
2004980
2181109
2334962
2564088
2635092
2486266
2797563
2419717
2047997
