33161220
33087493
33259526
33794056
33531917
33128464
33820691
33499166
33798177
33794088
33816621
33534003
33585503
33089601
33453409
33134665
33783882
33253453
33562706
33308757
33251415
33693791
33167459
33214564
33417317
33548391
33335401
33433707
33706093
33278067
33685621
33095800
33085565
33237122
33517702
33108105
33538187
33781907
33134740
33499292
33806493
33779397
33228971
33213810
33796467
33562808
33239226
33513660
33454327
33409217
33582795
33771716
33409222
33126599
33280210
33294547
33652949
33333467
33700060
33599710
33759458
33691894
33349879
33599738
33396990
33331455
33769728
33378562
33321226
33820942
33298707
33378585
33644829
33218850
33433894
33515823
33628470
33134904
33257792
33290563
33386821
33466698
33149261
33528143
33094030
33569112
33253721
33462621
33270111
33608033
33083747
33202542
33413487
33063283
33372542
33788309
33333632
33812870
33253441
33374602
33104279
33354124
33290638
33487249
33085844
33188245
33325463
33386912
33597858
33452453
33767847
33722801
33790393
33534394
33761723
33368508
33196478
33549537
33794508
33709816
33272287
33314214
33636838
33530362
33288707
33321479
33507848
33770924
33171981
33108495
33114642
33638932
33737237
33729048
33784345
33538586
33352229
33458729
33270315
33268281
33279071
33172028
33806910
33540672
33456709
33507910
33319500
33385042
33245779
33741924
33636956
33262183
33597543
33596012
33088112
33147505
33491570
33178230
33712394
33557951
33813117
33086084
33784455
33776272
33461016
33507988
33430169
33125022
33469094
33151655
33114794
33321658
33692352
33583815
33536712
33172171
33376978
33745619
33063637
33526488
33120988
33702623
33385184
33184483
33143530
33188591
33276664
33297145
33256186
33092348
33299201
33391364
33514247
33723145
33153805
33084177
33256211
33626900
33235733
33483544
33708832
33569577
33442602
33260331
33588013
33823538
33563443
33532724
33514293
33190712
33346361
33123141
33432867
33098574
33250131
33106775
33745752
33291098
33694562
33633124
33305450
33719153
33065844
33563510
33725306
33704828
33502081
33184644
33137544
33221513
33223567
33389457
33807251
33315739
33272738
33112996
33166248
33780327
33297325
33440697
33196986
33514427
33502140
33131453
33067972
33285070
33719250
33562446
33334230
33702872
33207258
33201117
33446878
33438691
33516521
33240058
33666044
33674238
33758720
33559560
33596425
33721175
33801471
33440786
33690646
33760279
33102873
33801243
33209372
33442845
33197086
33791009
33543202
33807537
33750063
33675784
33377331
33317942
33120880
33227840
33657924
33508425
33172554
33070157
33647700
33514581
33539940
33764443
33293405
33143903
33174628
33535081
33188973
33545326
33191027
33137783
33115257
33434747
33195133
33453184
33170568
33430668
33684626
33754259
33645717
33502360
33727642
33344668
33675802
33662111
33739938
33756324
33199270
33318063
33492145
33637554
33156276
33311925
33662134
33438906
33139901
33776830
33479875
33564193
33287369
33387734
33809630
33819173
33479905
33790844
33238251
33225965
33078511
33621237
33512696
33724287
33311999
33286699
33120129
33158409
33142029
33416463
33672465
33543447
33537304
33250594
33317083
33309990
33602862
33819953
33164594
33119541
33168694
33267593
33361209
33086785
33258823
33172810
33641805
33477968
33715540
33545557
33672538
33146204
33607006
33488225
33654116
33611109
33733992
33363306
33111403
33609073
33244530
33666424
33682815
33799555
33215885
33320500
33537424
33381780
33514903
33752997
33779098
33529244
33449376
33760674
33289635
33357220
33770917
33256870
33553831
33416616
33406378
33516972
33693108
33088959
33724320
33267140
33820102
33256903
33404360
33232329
33386743
33285582
33406422
33572319
33281506
33234403
33639914
33486315
33199597
33070574
33076719
33138160
33572338
33266259
33701366
33089015
33687807
33326589
33080830
33711616
33787394
33144325
33209873
33416725
33285664
33369633
33678885
33492518
33809961
33799724
33250866
33125940
33707581
33637963
33562190
33576533
33435224
33392217
33080251
33070693
33109607
33508970
33095275
33224309
33152635
33072765
33603203
33549961
33312398
33607322
33662619
33165936
33126050
33668771
33262193
33214123
33113772
33531567
33308339
33117878
33449669
33644234
33480395
33062605
33328846
33205967
33216209
33563219
33140435
33441514
33070830
33177327
33826549
33394424
33771264
33122063
33233199
33154846
33197862
33632041
33822515
33367006
33304375
33333216
33517382
33580871
33668936
33566541
33421134
33245012
33062744
33066843
33216348
33816414
33472351
33271652
33425255
33320811
33685356
33351535
33455988
33071764
33683327
33273729
33337218
33560451
33779592
33488777
33326987
33398670
33068943
33746832
33249172
33453979
33677216
33324965
33197992
33181611
33517489
33591228
33669450
33177534
33607617
33826756
33802230
33402823
33812434
33247191
33312728
33359840
33728482
33360550
33509351
33368046
33284079
33261553
33762302
33515510
33558519
33345528
33286137
33611770
33189883
33684138
33630206
