15499267
17117649
16187414
16375832
15130651
16760865
16865970
15581235
15605814
16482362
16597056
16318530
15548483
15040583
15542967
17031248
16433233
16253018
15876190
16875615
16070167
16121967
15745147
17117205
16449677
16146576
16441489
16228499
16261279
16015524
17105066
16670892
16179383
15880223
16212162
16466116
15632627
16961570
15278292
15171797
15562105
16285920
15048937
16457967
16031984
15515899
16031998
15237378
16179459
15810824
16736521
16376076
15065358
15311130
15057190
15827240
15104732
16040237
16464605
16761137
16056630
17121596
16905610
16539970
16204100
17097029
15425864
16113996
16560185
16908642
16679273
16720237
15982959
16990577
15065459
16990583
15974778
15991164
16810370
16327045
16490563
16277908
15571694
16998811
16916897
15229346
15999396
17096775
16253358
15974833
15622580
16540089
15630783
15409602
16892355
15693217
17138126
16835023
16384493
16171502
16548337
15794680
15008252
16540169
16278057
16359981
16060509
15270451
16482871
15041080
16187963
17080896
15557188
16540233
16384594
15499859
15229525
16753238
16999001
17097307
16589417
15114860
15549045
15876726
15401598
16867972
15278725
16864255
16827019
15123096
15955617
15123098
16409247
15450787
15811237
15975084
15696558
15540914
16794295
15712954
16679612
16679615
16253632
15270594
16114375
16171726
16949973
15565526
15885018
16401118
16786150
16507631
16343798
16892667
15753980
16327427
15336197
15090442
16671506
15516436
15164196
15893287
16393006
15115067
15754048
15797046
15385416
15598412
15475540
16532309
15393623
17040216
16793745
16114538
16040821
15147916
15033235
16917396
15393685
16388249
15090587
16450460
15491998
15950752
16417697
15172517
16876456
16196532
15008703
16304971
15033288
16483283
16581591
16106468
15598567
16434159
16991217
16311282
16090101
16024567
16647167
16892933
16114696
17039532
15459339
15696909
15623184
16649049
16540698
16598043
16892960
16976731
15074352
15672369
15262777
16532555
15844429
16860239
15803472
16925781
16188503
15342437
16041067
15778924
16131185
15836280
16008314
15344766
17124203
16663685
15950985
15336587
16671899
16163998
16440177
16377003
16325490
17081520
15410356
15418560
16916921
15393991
15705294
16549071
16590036
15369431
16775348
15172837
15746286
16311537
15181047
16270586
15697150
15336718
15074861
16295185
15156499
15099158
15181079
15246616
16557340
15525149
16565540
15746348
15451443
16508217
16368982
16000346
15197531
17139047
16999784
16213353
15514514
15582575
15082867
16934260
15697270
15700202
16917891
17130914
15476131
16754095
16926137
16796575
17139137
16074180
16164303
16295379
16197077
15148505
16000475
15803876
16492006
15549934
16311792
15627859
16655860
16934394
15577343
16590333
15738366
15894035
16074281
15074859
16467501
15361592
15820352
16991815
15312460
16295503
16746070
15009373
16229994
16492140
16483949
16598643
16508532
15648375
15525496
16664193
16991875
15836805
16557703
16893548
15304330
16877195
16205460
15550105
15238813
15976095
15918754
16893605
17008295
15345321
15279791
16115380
16434869
16729785
16369344
16860887
15705820
15386334
17139426
15181546
16910063
15345393
16926450
15927027
15296245
15647017
16697080
16525052
15492861
15247111
16672520
16713482
15345419
15583005
17139491
16049968
15473630
16525115
15861567
16937401
16312140
15738701
17024848
16590692
15263595
15124334
16918387
15419253
15730555
16287617
16770952
16287626
15318712
16770961
16091027
16754584
16263077
15189929
16500381
15853489
15091640
15919034
16795580
16254916
16779207
16345034
16361421
15894481
16975827
16336856
15722462
16353249
16377826
15026147
15656938
16213995
15309669
15575039
15271938
15034373
16222220
16197646
16099345
15525910
15689751
15018009
16361498
15697953
15779885
16217781
16631875
16997389
16541791
16476270
17057903
16746611
15263866
15132795
16844924
15116413
15231104
15665284
16803975
16115849
16001167
15263893
15362202
15688047
16066722
16722089
15616188
15968445
15345859
15583428
16107718
15157454
15509725
15780063
16312556
16091378
16279795
15849172
16085375
16673023
16591105
15444234
16959758
15935759
15870229
15812896
16132391
15599324
16959788
16181552
16451893
15345974
15878459
16927052
15067475
15771997
16320867
15329644
15477107
17000822
16247160
16935296
15034755
15796616
15575438
16632224
16452002
15034790
16730537
15542708
15929758
15714744
15460793
16607676
16796093
15198654
15595253
15247809
16353732
16869829
15206856
15067598
15206864
15518161
16083410
16222675
16206294
16607708
15403485
15927777
16665062
15215083
16189936
15231475
15436276
16632321
16321037
15026703
17041946
15346203
15501853
16150960
15141411
15747621
15575595
16697902
15706675
15968820
15266228
15395388
16845373
15002175
15308555
15141459
15786425
15264346
16263778
15845999
17017461
15272573
16427656
15264393
16042638
17074831
16099985
15067794
17001113
15469211
16763548
15166112
15993508
15067813
17072583
16403127
16796346
15649482
15026891
15035090
15993563
16476899
15837927
15272683
16542450
15321862
15010945
16665360
15969042
16873262
15903518
16952097
16067365
15141670
15878966
17027484
17060319
16447287
16468814
16509775
17066840
15379289
15739739
15739743
15813474
15436650
15788907
17009517
16987965
17058674
15035253
16550776
15730495
15436669
15882860
16673670
16206727
16870286
16837521
15969170
15240095
16731050
16190381
16550840
16516263
15281088
15477701
17075149
16231389
16372221
16763894
16935938
15911946
15445012
15854626
15649830
15477813
15297592
15797318
16077324
16976980
16927835
15658077
16460895
15371362
16911459
15436903
15019112
16772205
16829550
15748209
17091702
15109240
16542849
16877419
16837764
16256135
16067722
16608395
16895119
16436373
16996207
16747676
15932615
15273133
15486135
16403640
16174269
15035593
15936720
17124564
15412439
16493790
16493793
15076583
15133935
15961347
15207690
16952592
16682261
15224088
15011102
15234950
15789352
16182580
15600949
15084860
16174418
15560022
15486296
15846756
15215973
16280937
16764266
15035761
16616819
17116536
15920505
15347066
15301866
16289151
16067976
16641417
16838031
16575890
15019411
15117725
15773088
15699381
15674811
16469441
15994308
15773127
15109587
16502230
16010711
15437282
16084451
15183340
15125999
16985585
16952820
16948478
15126008
15093243
15339014
16420359
16502289
16150038
15642137
16346656
15068705
15773218
17100324
15781413
15167017
16797227
16150063
16338499
16854596
15674951
16133705
16371278
16723539
15175252
16043625
16117356
15691375
16854640
15945341
15052053
16223874
15445636
16019077
15109766
15860332
16920204
15429262
15347345
15150738
15830680
16699037
15003300
15266417
17018537
16772779
16387759
16690867
16846516
16592566
16305847
16436920
15766132
17108669
16682695
16215759
16126168
15560405
15109850
15208168
16436975
17116926
15150851
16289544
16551697
15142677
16625433
15326960
15716131
17026855
16887593
15150892
16559919
15724344
16822078
15945537
15748930
15421254
16885729
16461642
15773519
15781713
16199509
15495007
15986529
15544168
16985978
16751935
15331200
15404943
16854932
17043350
16355224
16396189
15437726
16880188
15789991
15912874
15298476
15749037
15118258
15101885
16306118
15396813
16068561
16887764
15962071
16838630
16480252
15855595
16125936
16052209
15028218
15142907
16756734
16584709
16371718
17043464
15953930
16838667
15429651
16797717
15192095
16355361
15192098
15831076
15052839
15880239
16789557
16445495
15519801
16191552
16158795
15700050
16858467
16879701
15077463
15033018
15568229
16560233
15986794
16625777
16117876
15741045
15634550
16969065
16830588
15831167
16048832
15085698
15503491
17125516
15356052
15310190
15536280
15732889
16183461
16404648
15855786
17109165
16339126
15077559
15093948
16928974
16183511
15175896
15904985
16576730
15184092
17117406
15126751
16724199
15200489
15462634
16978155
16642289
17027320
15519993
16003322
15364351
15479059
15921432
16789798
16937268
15659319
16388413
16879934
15888703
15626571
15135056
16724307
15954266
16142687
16134503
15806826
15192430
15503743
15896961
15577480
16937367
16961945
15282586
15372700
15389086
17060257
15930097
16003497
17011118
15151536
16519604
15872438
15643065
16961994
15593933
15380945
15651287
16478686
15012319
15069665
16388586
15413739
16921069
15585778
15610365
17058047
16880128
15741441
15602188
16208402
17035803
16101917
15602206
15040019
16642616
17142331
15430204
15012416
16339523
15970888
15372893
16208483
15446629
16915900
15439976
15512180
16265846
15528577
15676041
15651467
15037068
16904846
16560783
15110803
15757988
17116615
16044728
16413372
16659134
16175811
16577224
15553227
15774414
15323860
16249563
17126108
16758906
16118496
15725281
15460475
16388849
15355347
15405816
15381242
17093371
16126718
16315146
16085788
15102749
15823656
15422249
15864620
16470832
16364338
15192892
15356741
15430473
15045450
15315795
16724835
16159588
16413547
15888202
15381372
15651710
15795008
16610180
15414155
15160210
15643539
15987604
16118679
15894682
16536479
15283104
17036194
15315875
15741861
15897523
15954868
15646196
15643578
16970570
15856590
15111120
15258584
15971289
16143348
15239337
15135737
16790527
16430080
16307205
16659462
15430667
15315997
15553566
16315423
17119409
16733226
15848492
17110061
15037486
15447097
15324221
16479304
16413770
16430168
16471144
17020009
15250541
15045744
16077939
16741495
16159871
15422602
15029393
16880790
16839840
15668386
15029427
15865015
15242427
15635644
16585917
15627454
15401845
16241856
15840457
15348943
15422672
16184534
16970968
16948772
17110240
16200930
16086251
15504620
15489234
15611121
16193640
15488256
16094467
17061127
15384108
15217932
16848142
16634756
15021344
15004970
15791404
16897335
16586043
16314485
15848768
17085765
15897938
16176472
15316325
15111536
16569713
16569715
16323961
15226236
16512387
15054213
16708999
16618888
15857034
15021458
15594899
15343172
16061857
16840099
16995752
15807913
16520625
15100147
16856500
15085129
16553406
16553409
15799754
16899661
16200611
16365012
15373787
16750046
15524773
16889312
15267302
15834705
15046120
16750074
15812863
16963071
15889924
15431175
17094152
15783442
17085971
16324119
16487964
15840801
16471591
15832620
16037422
15971899
16119361
15570509
15734350
17020495
16733779
15300196
16471653
16070246
16438892
16772713
15988344
16222485
15699564
16570005
15849118
15947425
16668322
15070894
15270856
15963829
15152834
16897731
16496336
16373460
16692174
15086544
16791271
15013614
15513327
15660789
15947527
16439051
16209679
15046416
15333142
16790489
15759129
16684843
15718190
15046449
16160564
15415093
15922999
16086840
15021883
15472445
16783196
17119076
15128422
16643945
15243119
16107189
15333242
15325054
16586624
15374213
16185222
16570250
16013198
15251349
16119704
15652769
16267177
16832432
15316914
15054771
16644021
15153089
17102786
15284166
17140044
15505354
15127545
16308219
16521212
15316993
16144388
15972371
16381972
16859802
16341037
15362397
16496690
16207539
16382004
15177782
15136823
16414777
15449781
16447552
15167158
16422993
15964243
15497306
17138801
15079528
15646396
16570490
16300157
15423617
17004674
15227017
15751315
16652437
16586912
16570531
16783524
15931558
16128169
16267634
17103025
15235252
15890618
15227078
15562951
16455884
15374546
16816362
16881900
15685884
16773610
15743234
16521476
15841543
15866137
15456541
16701735
16038192
16628018
15620404
16628022
16816439
15653177
16611655
15481160
16693595
17103196
15022430
16202089
16644466
15759733
15817078
16652663
16554362
16095620
16701829
16251272
17026799
16349597
15333791
15825312
16791969
15694251
17095095
15800761
15268282
15006139
15012938
16554434
17095107
15063496
16226766
15055337
15555058
15718921
16185866
17119755
15514124
15088144
17111571
16751126
16513564
15956509
15931944
16316972
15997489
15940167
15899208
17119824
16259665
15776341
15153750
16128603
16644703
16120428
16513645
16489089
16800392
16677515
15841932
16505488
17128095
16186020
15415974
16966769
15358635
15162028
15628973
16038577
15153842
16579258
16923330
16366278
16120528
16423636
16849623
15489752
15637212
16718557
15563496
16579310
15694579
16702217
16358159
15776530
16894428
16235311
15907646
16718658
16259907
15825739
15036216
16137054
16178019
15752037
15424359
16985310
16735089
15702898
17095546
16857989
15691585
15269698
15129487
15219600
16423826
15031187
16407444
15342490
16939933
15834018
17005475
15653799
17038249
15449003
16473008
15858611
16677814
16702397
15578272
15561890
15596494
16980943
16358361
16096222
15014880
16980966
15686635
15440876
15236079
15539186
15793139
16333818
16915451
17035093
17095681
16030726
15670279
15834124
16096269
15653902
16808984
16604199
16776237
17085155
16628808
16522314
16079951
15375448
15981657
15875165
16112741
16604265
15638375
15342700
15268975
15146101
15228031
15449216
15490186
16964749
15842449
15285401
16129198
15359157
16751800
17120447
15858880
16596167
16653528
16800987
15957213
15596769
16538858
16096494
16080111
16334069
16555258
16039164
16219390
15932673
15359234
16753879
16776460
15375630
16358672
16874807
15433022
15277375
16850242
17112387
16907597
16809303
16170332
15687006
15441248
15220066
16389024
16719214
16751987
16887700
15474043
15678852
15400326
16626924
15121808
16178578
16213230
17137049
16752041
15089079
16776636
15384000
16539079
15752651
15097292
16489938
15400410
16629215
15392238
16227828
15728119
15462314
16375298
15695371
15097357
16651523
16424470
15231578
15244836
15523372
16580142
16105016
16891454
15392319
15392324
16277061
15580749
16268879
16260689
16602382
15900252
15548346
15048289
15916647
15507053
16989810
16057619
16719482
16711293
16277118
16727686
16506503
16317036
16023180
15374957
16187025
16244384
16457380
16785063
16954513
15089323
16391861
15179448
16170684
15228615
15695562
15204056
15081188
16113392
17069354
17055487
15810310
16416520
16899852
17129235
17063706
16056094
15474463
16916258
15425317
15507239
16580398
17140360
16416566
16441153
15327042
15769425
16968334
15007575
15777626
16023387
15949670
16220007
15392616
16228203
16121708
15936146
16654198
15971647
15810429
16940929
16310146
15474567
16293768
15237006
15654802
16056211
15679382
16211873
16080817
15859635
16883637
16695226
16768964
16154565
16941001
15900624
15941585
15138774
15548395
