312320
909314
348163
296964
118790
307207
284680
436234
747531
1230864
684050
1349636
903199
1296944
634913
899110
81959
1101865
741383
1083437
507950
1371345
1157128
448562
921267
153653
1092291
153657
278586
1388603
233532
1417277
726709
1157184
1421377
1247299
1237061
168006
1345889
307272
79947
491596
1136718
741048
125010
55379
125014
665687
694360
450649
540762
1230939
637020
682078
631141
503904
1224802
6243
401508
196709
798822
1118312
598121
1288298
96368
1423792
1077366
732521
768122
124266
729215
911848
761989
1414859
614535
1029484
508042
284815
75921
928420
573589
1331352
1131916
753819
118940
833694
204959
86177
1349797
875889
665768
1304745
1156467
538796
397485
526510
22704
703176
889203
623305
663737
1202295
1388732
735155
823487
221376
131266
407747
280773
1140934
738337
1292488
1421517
295118
1306294
1224916
901334
315607
781529
1129167
1072588
976229
215263
499938
790755
372964
970981
1399505
1034472
997609
940267
413546
1050862
835132
209140
911606
193577
1024248
1290815
1188090
993531
665852
1145898
145663
1136000
598275
485639
1286408
524553
7554
1076269
872721
65810
1308948
960790
250137
403738
196892
217818
303390
327968
307489
1106210
780579
739620
524583
1370412
233774
131376
1384840
235828
1143518
616759
535604
661819
1175868
1380746
1134910
1208639
1177654
211270
61767
72076
526666
573771
858448
368813
727378
133461
727382
1223000
158041
991580
10591
12688
430434
1155427
558822
612412
1407338
98670
670065
177048
315763
1225079
582036
1350010
743804
1055103
256384
1078336
156036
791958
917894
1311111
262536
18826
229772
937318
801166
592271
242064
1233298
395668
737690
518555
889244
123294
1111807
878152
1014179
1048996
1069477
1157542
709361
88488
1310393
172460
631214
793007
1273363
948296
283059
1073589
217526
1272937
31164
467390
338369
307652
524022
1028746
1235788
811466
584141
1305968
1365411
334298
59869
973279
1313248
907749
1120742
1251409
266728
1315239
96748
1169904
833960
463347
1040126
283127
949709
1024507
631292
860669
301567
1106688
250376
201225
78346
981517
223759
1103619
645550
147990
1124018
1116699
205340
186909
1311262
502303
821792
334369
1030694
804273
342791
248366
350768
799285
1122871
1120814
1169980
372490
289342
41535
956992
877121
604739
629318
133703
1012296
546231
1006157
959055
369233
491619
12886
524887
1141336
784988
759226
1147486
974331
690784
1162095
297573
1112679
1291100
625258
537195
459538
207472
902931
1213044
682659
800873
1186426
1151095
1187601
827157
1374852
1221746
1276497
1198727
856712
1139820
2698
531084
703117
1413774
692880
742033
1038994
692883
1120916
717463
1412422
533615
873121
76451
918180
379558
684711
1096540
228013
923080
1206964
750262
178871
1376955
1198538
844917
797379
991942
1336097
619649
445129
754807
873167
948945
555732
512727
90842
1043919
838364
223965
279262
1020639
115425
967462
127720
1145577
778986
979691
58092
1336047
597555
4850
41715
78581
146166
211568
1008378
496353
633598
480000
195331
1181583
45831
1026824
43786
903948
1145613
43790
1279789
248594
722051
1231640
498457
885531
637724
934362
817950
1008417
787234
375590
942887
1289001
312106
1355911
406326
420663
287544
1090367
127808
600897
1375660
1248068
504646
193351
410440
271177
424779
367436
1295181
101198
1063736
1112914
1184595
422740
1135446
1387353
365403
107356
1132346
1078110
940901
152422
572263
439145
482854
287596
812178
584558
371567
732648
140150
277368
105339
646013
973795
336771
1186692
638444
621451
666509
218001
1346453
723862
312216
723866
406429
909965
1051130
537506
1199933
121692
265129
222023
713644
1188084
1292202
1305416
910259
1205173
591689
586682
480190
293824
1369025
1104836
723909
621510
189384
120652
935608
676812
304077
945105
621523
881620
431061
31702
408535
240602
1018845
1027400
1168340
572386
771579
519142
111593
1006574
1088495
988373
923816
791538
226293
373752
672596
111103
300032
623617
926722
906243
1346564
1188343
62473
1217546
334863
1410904
363538
699212
449557
1221654
515096
111641
941231
216092
490527
891936
599073
82979
1141796
594981
1276966
759985
31785
791241
771117
826417
295987
134196
146485
322057
255032
177209
1016891
1399495
642110
472127
984128
1381443
1246277
181318
1184843
1202018
1104977
396373
539738
901647
934936
1004641
21605
91241
392300
257135
765041
7282
494707
789621
461673
316536
691321
1425804
1114150
72829
19585
289923
885892
644230
1102984
994441
1037451
996205
1158288
265361
220306
1414291
144536
732313
52378
273563
1223878
1328290
42147
201893
60582
521383
662697
855239
752814
742575
324788
670903
226488
785593
134330
971295
1391572
298174
881855
1363136
1213634
855243
330948
699590
62663
795848
646345
322763
1387724
23757
840910
1236755
750456
359634
435411
134357
1172694
70871
1240280
226521
1154266
1150171
707806
416992
1086690
443259
742628
359653
447719
1299688
941291
56556
122094
147325
1309057
568561
807562
103670
111864
548090
965884
950922
212225
988418
520747
1347798
201990
109831
711944
918794
396555
1385740
914702
576789
324887
1389849
97563
1371421
797232
351522
1382325
316708
948590
734505
730411
896300
693551
1088818
292147
765492
1241311
593212
1111358
1101122
671044
668997
1056070
283976
396617
988492
1291490
755022
787791
1367827
646484
798606
926142
1186020
1064282
245083
777786
1182285
1101151
154977
1336676
353637
77158
1232046
1402662
175465
406890
1229545
666988
1207662
771440
62833
13683
714100
828794
847227
984448
1334848
320898
1392056
816517
1384169
1297985
107912
206217
1379722
955787
787852
406927
581008
171409
920131
1269509
1342702
130454
865687
1303961
537839
486817
220579
828837
1355175
386475
572844
1379373
1274781
312752
720456
849330
816563
1288517
99766
411063
484792
640441
421306
791997
705984
792003
1345782
443846
822727
656840
744905
824778
1209803
730572
671181
433615
1097976
468434
888280
273881
239066
261596
673245
833445
898528
1205729
1323259
1424580
273895
357864
1106172
407020
28141
628210
1388614
159227
687613
1324751
259583
1279488
1140651
535126
77057
103949
432045
99858
108051
908820
992792
400922
968221
973340
431647
280097
267810
347684
181798
1373736
280105
632366
946781
1405254
622130
267827
185908
1091129
468538
782666
1002597
931392
120385
1115403
1017782
1396427
538184
812618
865868
771662
32336
527953
810578
380500
1324302
874071
341592
278107
245340
1237873
764459
878414
161381
91750
171628
917354
1339146
24180
1191541
42615
677496
278139
1394316
763157
40576
807872
906884
263816
1287820
999053
1001102
202384
771730
966293
137497
609944
1287726
534172
262426
56993
241314
298659
61093
1081001
505514
1023943
956701
1053935
166856
956082
267955
136885
1193654
75448
1010239
925373
169662
81599
614084
968389
134854
26311
1131468
912954
323276
1230114
1117133
909010
1317734
117491
36569
1133947
157405
892638
437986
63206
909031
323304
1367857
188139
1230802
943854
947951
270064
1361649
498842
828856
24316
14077
743166
59135
798464
771371
1103621
904833
216842
911115
1169164
354061
67344
829400
751379
586030
603926
874601
1271428
1003290
1281819
380700
888605
534305
1193762
1416995
808742
1378088
423723
982760
833326
1168349
325425
565042
352052
1259486
649014
1326903
950072
616250
563003
1128252
158346
331585
1209784
32580
1113925
20297
1374027
30540
1191757
538446
384847
573266
520019
591701
1056598
1330215
454491
776028
601949
1058654
1111903
454496
53090
769892
814949
1138537
235370
292719
262002
685941
1163126
620407
1394553
1113449
182141
302974
1021825
335747
896663
1058701
49038
59373
14225
884628
65429
1230748
436126
858015
1077152
303012
440229
260008
1062826
69547
79858
448157
548785
174003
208821
49078
1272137
1258957
1073084
69565
417726
739263
145347
1345526
454599
1348021
276426
794572
34765
79822
1388393
686032
571346
450211
346069
544727
821208
344025
497626
1295695
1292253
831454
1347920
243682
1073125
974822
1167338
294893
507886
327663
1312753
169970
51187
86006
8183
79865
632827
1204220
1347583
