17841545
18106368
18018306
18225494
18526214
17592328
17293321
17917964
17526797
18485264
17553427
17643540
17416215
18358296
17942553
18133019
17335301
17645600
17877025
17152034
17827876
17274917
17399847
18118699
17952813
18455580
17223727
17834032
18040840
17997874
18382515
18452168
18133045
17700873
18025408
17231931
17715260
17803325
17420351
17227840
18393318
18444354
17518659
18098713
17938504
17281097
17934410
18034763
17424463
18298962
17328211
18458708
18282228
18073754
18493321
18287317
17580127
17317988
17840229
17717637
17260649
17313898
17502315
18145391
17616776
17236085
18141302
18022520
18483220
18407546
17822399
18245756
18567296
18301057
18380139
18194189
17303686
18090120
17569930
18434189
17361040
18229393
17256597
17569942
17246362
17799323
18241692
18342938
17338527
18456737
17328290
17322147
17180839
18018472
17905833
17508522
17615019
17974438
18172078
17446600
18521459
18256317
17629375
17791168
18399264
17840322
17752260
17631429
18278433
17793542
18514125
17721550
18112720
18224504
18544850
17985747
17739988
17686741
17330391
17914072
17303769
17777359
18528476
17795450
17211615
17271008
18066811
17543396
17375462
17765415
17803500
17711345
17156338
17821941
18032886
17441015
18254548
18022650
17346812
18475261
17306325
17576193
17180931
17168086
17602823
18333459
18560063
18162821
18067724
18180366
18045997
18546961
18113923
17926421
17441046
18487881
17167749
17346848
18053410
18284831
18442535
17586472
17215787
18204972
17682733
17778991
17492272
17625393
17924404
17254793
17445177
18104637
18012479
18032961
17832258
17469763
17888554
18499297
17901896
18131273
18384325
18018635
18432247
18292450
18157903
18331984
18535590
17285458
18257190
17269078
18336088
17284495
18501981
18531362
17772603
18006372
17591014
18174312
17632316
18405739
17842541
18568659
18484286
17797497
17197434
17610815
17295744
18008449
18422147
17693061
18197471
18469953
18197484
17383817
17637771
17375628
18452205
17889681
18127251
17262998
17502615
18450000
17674649
17263002
17574298
17322399
18242288
17174947
17283492
17519014
18143659
17412525
18045359
17215920
18000306
17578419
18225329
17160630
17684919
17269176
17871289
17615291
17942972
17189309
17580478
18139570
18448833
17811906
18487371
17531332
18211269
17449414
17416649
18366923
18080205
17738190
17246673
17957331
17347029
17787350
17191384
17760729
18358746
18495968
17351137
17985958
17938918
17617383
17740267
18342380
17527890
17618685
18362864
17365489
17756243
17748734
18548988
17506810
17791484
17338878
18111711
18492069
18049538
17635845
17244678
17465863
17566217
17504781
18195907
17263021
18337754
17463825
18190867
18074132
17205781
17615382
17170968
18045465
17320476
17254941
17683622
18536880
18303523
17318437
17363494
17703399
18548985
18480903
18016813
18229807
17214001
18422322
18352693
18321976
17580601
18541116
17236541
17930817
18275083
18059702
17734214
18035272
17908297
17856704
17494605
18091979
17167117
18306318
17873492
17263190
17207895
17910579
18057819
17259100
18500189
17830494
18404111
17783394
17680998
18199143
17338985
17216106
17232491
17769069
17543790
18051695
17877616
17638003
17810036
18119285
18058062
17154680
18406009
17973882
18272891
17777277
17191552
17746561
17762411
18402612
18504329
17281675
18281100
17513102
17459855
18004624
17891986
18131603
18453141
17891991
17203652
17423002
17404571
17310365
18252446
17873567
17846944
18522910
17317659
18332324
17777317
18510502
17890077
17965744
18008753
17586869
18440887
17492665
17449661
17932990
17183861
17365696
17601312
17664706
18342595
17169095
18246344
17148623
18250448
17773237
17226452
17453781
17431254
18258647
17478360
18466855
18178865
17624528
17611273
17578725
17279718
18322154
18477863
17197806
17730288
17905333
17527538
18361075
17924853
18408183
17310456
17431290
17392434
18303740
17281790
17318655
18218897
17701636
18017029
17570568
17874391
17199885
18291501
17183509
17173271
18296964
18119452
17237466
17470238
17369887
17488672
17720099
17867556
18472070
18115367
18160425
18420522
18426667
17158962
18066004
18098312
17341234
17718067
18224606
18037558
17879863
17191736
17393802
17998654
17457983
18119129
18433163
17779525
17658694
17640263
17904439
18029390
18213711
17349459
17470292
17650517
18062174
17546079
17387664
18439012
17290089
17431403
17433452
18385776
17241576
18529657
18326389
18535288
18230137
17300346
18047869
17392513
17224578
17744363
17361799
17193864
17470348
18039277
18363280
17157011
18213310
17867673
17597339
17361050
17175454
18205599
17179552
18355108
18285478
18525681
18523049
18076845
18254766
18487453
17466288
17793969
18482099
17476532
18394176
17832887
18240441
17593274
17398578
18359228
18149412
17212352
17281985
17783746
18117572
17218502
17499080
18101766
17372107
18527181
18563583
17185744
17871826
18508382
17681365
18310102
17816535
18475993
18106874
18519287
17927135
18306016
17843965
18070500
17499109
17220582
18220881
18531304
17218537
17193962
18136043
18154476
17560557
17484783
17961970
17720307
18545652
17275893
17525751
18408441
18125311
18547882
17600341
17169410
17968299
17323013
17515527
17964040
17746953
17277397
18504715
17996813
17863853
18211541
17499155
18290307
17161237
17753110
18117658
18418863
18330652
17613853
17869854
18080261
18484665
18103330
17699875
17285638
17198119
18097194
18465835
17933357
18521136
18283693
17288242
17490997
17163319
18465230
18109499
17214524
17374270
17196095
18256960
17497153
17388612
17908806
17488969
17663052
17179725
18252878
17839183
17261650
17161299
18377813
17779799
18491709
18361435
17970271
17749091
17245289
17618026
18021483
18520137
17851502
18447473
17843316
17415285
17353848
17333369
18458815
18318987
17278079
18508673
17192065
17848403
18209923
17536133
18220535
18097288
17396588
18326667
17872016
18229354
17497237
17884310
17765527
17435805
18554297
18252962
17280163
18563242
17171622
18046121
18090363
17720491
17822892
17755309
17505455
17562800
17915063
17599672
17571003
17472700
18157770
18425681
17581941
18087104
17568962
17978727
18561701
18033865
17267915
17435854
18515151
17460432
18294648
18507295
17147092
18379989
17427670
17169625
17315034
17816795
17831132
17904863
17243361
17452258
18529507
18412772
17269286
18303203
17571048
17775852
18015469
18322670
18431215
18212080
17372401
17370354
18266646
17767668
17646837
17790199
17216760
18341076
18543869
17292542
18072831
17364224
17177858
18490627
17419524
17968389
18324743
17736969
17502423
18296706
17210638
17317137
17644818
18291990
18127065
17616154
18205979
17569055
17378592
17476898
18076891
17229092
17397030
18382119
17622312
17795216
17876268
17484680
17683764
18349365
17628471
17182009
18084063
17690741
18408841
17596299
17814853
17550662
18419020
17333581
18377897
17696079
17395025
17343826
18227427
18329852
17837400
17967548
18087260
17960285
17231077
18239776
18163044
17409381
17288550
17895313
17878378
17569131
17571183
18033094
17184116
18051534
17565048
18466169
17886587
17720700
18567057
17456515
17984900
17538437
18506704
18285121
18493065
17618313
18044298
18089355
17481103
17570583
17663377
18365842
18402542
18297685
18385677
17989018
17597853
17489311
17581473
18181539
18564516
18433446
18412968
18386345
18365870
18290097
18530574
17638836
17550773
17522103
18205940
17407420
18015678
17915125
18339264
17214368
18071202
18280694
17176006
17343945
18544074
17910007
17501645
17593808
17679827
17971371
17432023
17454553
17497562
18350671
17665500
18396912
17587678
18134497
17989091
17635849
17358312
17285372
17339887
17980913
17868274
17260023
17963604
17516028
17995261
17756829
18561656
17753606
17516039
17966338
18542096
18374161
18392594
17686036
17645082
18124719
17151517
17487390
18306591
18519584
17471014
18116647
17962541
18034223
17970737
18063283
18234933
18052664
18271156
17679931
17724989
18263615
17272384
18561008
17323593
17763992
17959863
18269775
17731152
18304270
17280601
18548314
18110735
18036316
17180254
18482785
18281403
18257510
18017897
17972842
17428075
17757808
17458805
18122345
18398840
17938041
17522300
17434237
17878654
17675905
18396802
17882731
17922326
17196679
17967533
17833609
17348234
17815179
18343565
17876623
18190490
17899159
17653400
17567386
17727131
18456222
17651359
18011808
18538096
17360546
17602211
18334662
18198182
18269866
17520300
17465005
17956530
18136755
17409716
17397429
18282166
18450103
18402755
17849631
17860287
17630913
17779659
18257604
17757893
18560710
17204936
17686220
18289954
17985231
17499857
17589970
18020052
17866702
17219286
18459257
18187993
17886939
17561310
18235104
18448097
17684194
18357987
17211108
17952038
17759974
17219303
18124002
17737450
17379051
18167762
17622766
18345711
17628912
17391345
17878770
18546607
17802996
18517630
17637116
17178365
17491711
17504000
18181894
18138753
18204426
18001933
18165085
17516303
18331408
17233683
18093520
18446297
18056985
17743642
17215259
17262365
17735455
18493216
17305379
17553191
18520221
18044714
18057003
17825580
17747757
18351918
17639216
17645361
18465801
17905462
17827831
17962292
17623858
18425663
17682243
17688390
18483016
17540938
18198839
17542989
17545038
17762364
17909462
17889105
17629011
17194837
17186646
17278808
17953909
18218639
18134879
18413408
17223521
18159458
17413987
18216805
18022248
18160274
17262447
18567093
17430389
17346422
18560887
17332088
17749311
17923964
18527210
17565566
18462591
17241984
17385345
17692546
17317764
17219463
17360776
18014089
17391499
18161856
17194893
17797896
17725328
17356689
17307538
18344259
18298043
17977238
17601177
17581977
18063258
18567151
17346460
17459102
18319685
18087840
17428385
18266018
18450340
18246982
18225062
17969063
18045938
17166254
17538991
17908723
17948596
17954741
17215414
17545148
17952702
18143167
18472896
17801153
18134979
17905604
17938975
18192329
17602506
17182711
17649314
17823694
17913807
18053072
17385425
17573842
17811411
18286585
18218969
18255834
18042846
17858527
18016224
18108386
18555899
18233316
18055141
18568646
18409451
17643500
18552815
18399216
17321970
17434612
17489911
17827832
18186233
17729531
17770494
17750015
