25534470
25042963
24911892
23699481
23863324
24993823
24371233
24035362
24428584
24993835
24797229
24404014
24526895
24100912
24248371
23896123
24993855
24404032
25387073
25239620
24436806
24076359
24281162
23666770
24928341
24969302
23617630
24969316
24232049
24199283
24633467
24895626
25649294
24273039
24215699
24699028
25354389
24289432
25346201
23715996
24035494
23878344
25149632
24723653
25149638
24985634
24109264
25264337
25051349
25125082
24453343
24002784
24649959
25067754
23757038
23634160
24485928
23798007
24002811
24133884
24043774
24584448
25051394
23986439
25641232
25593219
25665820
25518128
25223459
25624869
25583910
23609640
25370923
24674617
24281404
23773503
23920965
24314183
24510798
25444693
24076631
23748952
24920413
23724397
23888238
24387962
24019324
25485705
24068494
24363411
25018772
23945628
25592221
24764832
24691105
24494520
23896506
24150463
25575887
24117719
24043996
23634400
25076203
24879596
24494162
24912367
24363509
23953923
25518597
24158726
25149959
25517458
24601103
25166352
23962132
24756757
23675419
24904222
25641508
25231910
25076263
24281648
25690673
25043506
25428537
23847482
24699452
24314431
24805957
24642119
24572002
24756815
25338449
25346642
23634516
25600600
24068698
24904283
25453148
23868860
25371265
25002629
24986247
24044171
24486543
23954072
25342063
24330909
24863397
25107228
25182891
25273004
24511153
25035443
24953536
25363138
25191114
24527571
24347349
25461464
24011481
24896223
24167140
23749355
24929015
24527608
24122837
24904454
24175371
24240909
25084686
24849695
25076499
24658712
24920860
25084715
24691513
24257340
24732489
25027411
24249172
24372058
25338732
25502589
23618431
23634816
24989846
25412489
25281419
24798094
25469844
23896986
25224099
23634856
24626095
24011701
25142198
25625552
24396753
24462295
24568795
24552421
24470505
23929834
23585774
23880691
23774197
24978425
25371648
24658954
25019407
24962065
25469984
24822818
23781553
25338922
24405036
25461806
24142895
24945712
24560690
23774261
25347139
25150535
24888407
24978530
24347756
24536181
24437879
24274042
23979132
23651459
25248914
25615215
25224350
24790176
24618154
24511662
24421556
24175801
24511674
24249531
25593020
24315069
25519294
25543872
24036559
24705912
23938260
25068780
23880944
23930102
25445624
25543929
24339711
23700739
25208068
24454406
25085196
24454415
24773907
24143126
24528168
24978733
23930158
23967284
23725370
24749371
23741763
24520005
24536391
23987541
25109851
23946589
25568615
24192364
23767954
24364403
25224571
25060738
23635331
25691529
23831962
23627167
23774625
24020405
25363898
25667013
25167307
24110541
24634831
25576917
24593880
23889388
24618494
25273856
23791106
23676419
24520205
24815123
24847896
24446494
24151590
24675879
24733241
25372221
24741438
25265729
24053319
24012375
24839771
24372828
24692320
23783014
25052787
25257589
24045175
24667780
24628163
25298580
24512151
24602267
24561314
24274597
25298605
24290992
25604382
23742137
24626883
24848909
25470685
24127202
24815331
25405156
24610535
24307434
25421560
25421561
23684861
24856321
24397573
25175829
23988001
25626404
25028392
24323887
25274161
24422196
24586043
24184639
23807809
25501681
25225028
25053000
25028425
24258378
24930126
25519952
24414047
23758691
24422248
24930155
23824237
25552757
25233275
25159548
23676808
24291222
23652252
25659296
25544611
25388964
24512436
24545206
24586170
24659904
24135617
24012738
24717251
24504263
25069512
25135049
25517507
24135634
24561619
25470938
23881693
23627754
25470962
24823797
24659966
25626631
25266187
24650072
25389077
24225816
24619037
23726115
25266215
25110574
24447023
23873584
24463409
24430645
23676983
24695135
24963139
24181773
25568953
24881258
24283244
23939187
24414324
24864902
24529035
23986541
25602197
24070313
23742634
24733867
23857329
25012407
24938685
25135302
23849164
23742671
24717523
25569493
25225432
25307358
25547131
24266982
25690492
23947500
25241850
24586493
23988479
24570115
23914759
24455432
25610509
25356559
25037072
25528594
24815892
25643288
24217883
25579866
24258854
24037671
24283437
24742192
24660299
24692450
23660259
23759190
23726423
25258329
23744911
25168222
24234342
25250152
25512305
25078130
24938869
25020791
25012600
23611777
23923078
24267149
24185230
23808401
24054168
24799645
25479584
24119716
24676775
23740828
23923117
25586097
25283010
24299976
24832459
25069304
25143769
23980506
23972316
25577951
24037856
23939557
24816107
25020925
23669254
24324621
24758800
24095250
24750611
24431124
24881691
23865884
23628319
24144416
24947234
23964202
25463344
24586819
23939657
23939659
24881740
25702840
24996434
25332311
25602659
24005226
24169075
23693947
25094783
24316546
23792260
23997063
24382095
25406098
23784085
24062617
24234653
23898785
24693439
24922825
23710410
25635532
24891853
24185553
25512661
23644886
25545431
24816344
24390372
25103080
24726265
25540395
24832789
24005403
25340702
25701153
25709349
25488166
25512748
24431410
25226036
24628025
25070400
25529159
24185672
23718737
25578325
23849815
25021278
25455462
23612268
25021296
24808319
23701313
25021323
25201550
23751569
23866258
24980371
23785966
24939416
24480679
24144809
24931243
24406965
25529277
24300480
24693697
23874499
25365445
25537479
25597739
24136655
25242787
24733518
25439206
24153064
23792629
23759866
24398846
25414660
25267205
25537544
23678124
24751114
25439250
25136149
25594904
23751713
25291811
25616902
24030260
24988729
23596090
24661051
24267957
25324608
24767556
25308234
24906827
25316428
24931406
23612495
25594962
24243290
23997540
24588817
24078184
25177209
25513085
24292482
24317059
23866504
23571595
23596181
23776410
24104095
25504930
24871451
23710918
24964263
24169640
25144492
24538293
24825016
24054969
25291969
24890566
24472784
24808663
23743705
24147834
24521958
24530153
24186101
24915192
24102901
25513212
24554752
25226498
23907587
25128197
25029908
24366137
24980767
25600560
24489251
25414955
24972597
23801143
25464125
25709898
25537867
24096080
23825750
25480539
24825190
25070954
24661372
23596413
24620422
24989063
23932299
23891344
24194457
25431453
25431457
24112550
24366504
24481208
25185729
23956945
24161746
25005524
24047063
25538010
24923611
25555537
23981544
25144815
23604720
23743995
23932417
25316866
25636366
25316879
24776213
24391192
24743450
24153629
23768618
25284146
25341491
24055351
25267769
25652794
25398855
24931914
24358475
23948876
24768078
24079956
23672761
24866392
24317531
24555100
24399465
25685610
24186491
25235069
25521793
24807361
24055443
23984800
25349789
24055457
23744162
23645860
25095862
25120439
24456479
25532362
24809154
24841923
24792773
23645897
25595594
25644758
25292505
24784603
24776414
24473318
24287185
24309493
25079555
23618177
24424202
23629591
23736094
24858408
24298119
25046833
24923960
24039234
25550134
24153933
25063251
24801114
25677660
25128817
23875459
24244103
25120648
25366414
24792975
25259928
24440736
24391585
25379483
23580587
25194412
25675762
25264797
24465343
25268164
25022406
24031175
25530320
24309722
25153501
24989665
25432046
25382896
25489393
25041844
24989694
24599893
24543915
24236716
23769105
25047063
25341976
24473634
25235494
25702445
23842862
25374780
25432125
24744016
25473106
25170010
23769186
23580777
24498287
25178226
25014387
24227960
24424571
24072316
23785597
24121473
24064133
23728262
24932487
23703702
24326298
25645214
25146053
23703724
23974066
25284798
24539330
24948932
24785096
24023241
24719563
25219292
25333981
25071841
23769316
25235690
23687403
23703794
23695610
24375563
24539411
24326425
25268508
25252125
25571614
24670497
25055524
25686311
24957229
23966010
24908091
24856629
25416002
24489355
25350474
23966030
25104721
23826778
24203615
23949666
24154477
24826225
23982458
25538939
23597440
23712140
23654799
24998288
24179091
24695188
24965526
23581080
24744346
25285033
24744366
24531378
25522611
24252856
25481657
25330423
24580557
25367012
24695278
25661935
24302066
25645567
23859715
24343049
24613386
24465933
23663121
25686551
24670753
25637413
24941102
24965686
23745079
24638009
25326138
23605823
23753281
25514572
24866232
25383512
25703010
23597681
25268851
25006716
23802496
23884419
24539792
25047697
25301651
24720028
23892638
25572003
25014956
25195181
25047727
24974007
23646905
25236158
24605380
23589573
25203400
24433357
25653977
24916712
24851178
25656786
24629999
24515321
23671555
24359685
25244425
24023833
24335133
24941344
25006881
23909154
24089379
24348806
25105191
23786290
24228662
24081218
25441092
24261445
24138568
25432905
24975501
23663445
24884056
25072477
24384350
25236322
24261478
24433513
24499058
25523060
24458104
23942011
25285500
25015178
23688075
24949570
23925647
25359251
24482718
24531784
24155058
24105912
25162686
25236437
24622042
25564138
25089004
23860205
25359189
25687052
23933968
25179156
25343002
25121822
24261664
25629737
25277482
24474668
25457715
24482654
24949814
24769593
24458298
25187398
25089098
25473890
24556622
23778384
24835154
25269332
24573024
24491115
25580668
25408655
24212627
24663199
24679584
24769702
25023670
23966904
25121978
24851644
25605311
23876811
24736976
25146583
24646877
24294623
25515233
25392359
24917224
25097449
24949994
23762156
24065262
23926003
24597753
24802560
23926017
23631109
24575532
25187598
25629983
24302882
25343268
25138470
24278311
25048362
25326900
24328414
24253750
24388489
25539901
23934278
25703755
25621839
24565081
24778084
23991654
24343919
24155507
24696197
24196488
24193260
25621898
25572748
25490835
25015708
24532383
25023913
23573934
25712047
23844273
23623096
25212348
25621952
24270273
23836103
25621960
24679884
24622549
25368023
25130474
24950270
23647749
24114702
25712941
24811036
24073769
24147508
24892982
24016448
25343561
24450635
23590476
24311382
25155160
24188509
24778339
24835684
23762535
24745578
23615084
24608360
24073846
25097867
24565402
24696478
25384613
25335467
24688306
23680694
24696505
24049346
24286930
23762645
25671394
25237223
25614060
25597679
25351925
25122553
24958718
25171711
24368897
24057604
25007877
24229644
23639821
23959311
25245457
24426261
24655645
24942372
23828263
25057064
25007915
25360179
25401146
23664443
24377149
24966975
24409923
24852293
23926599
23975755
25024337
25220947
23713623
25081694
23762788
25671531
24164208
25425779
24778618
24467325
24467328
23918468
25648791
24278929
23771026
23746458
24328094
25614242
24483751
23951274
25401265
25425849
24123323
24958910
24246218
23697359
24442833
25016274
24836067
25065449
25368559
24532984
23648254
25409536
24991747
24885258
24422743
24336397
25597974
24049687
23754783
24459297
24680485
25679916
23951710
24041540
23763018
25327691
24213858
24303697
23902300
23705699
24877156
24790033
24967276
24893551
25196670
23763085
25352336
25622691
25098410
23779507
24687646
23959747
23918796
24008914
23730388
24492253
23615710
24418534
24877295
25475317
23689464
24402177
24844552
25252908
24484108
25073935
25557280
23886121
24942893
25336118
25098570
25353954
24230234
24353118
23656802
23910755
25612006
25663846
24828271
25065841
23746945
25434499
24304011
24607119
24394128
24107416
23828888
25180571
25008543
23878052
24443303
24975786
25475501
25672113
24730038
23771576
25704889
24205755
25663936
24508865
23665094
24713671
23615944
23599570
24803798
25655767
24984031
24910304
25452283
24861157
24697321
25188842
25430439
23976430
25475571
24648184
24435193
23919100
25639433
24467979
25106957
24410651
24312348
25377319
24989447
24771118
23935536
25344561
24123954
25582137
25401920
24533569
24500802
25221705
25508436
25123418
25434717
24582752
24771003
24156775
24525418
24173184
25008769
24681095
25461868
25131658
24664716
24976013
24836752
24754838
24763035
23771807
23796384
23829155
24517296
25500104
25705140
25402039
24214200
25402041
24500924
24394429
24206014
25322613
25430475
25320135
24951496
25287371
24001231
24010531
23976661
25582297
24247004
25443038
24484579
24042214
25148137
24361718
25213691
24845053
24271615
24861443
23616269
23755539
24894232
24951580
24709594
23812900
24836903
25508650
25631547
25279299
25353028
24992581
24304459
25156439
24148830
25066349
23698287
23812976
24255349
25533303
25181048
25435003
25197440
25172868
24337285
25582472
24730513
23755668
24279973
23780271
24869812
23657405
24468414
23952319
25181124
24918983
25279433
25017290
23624654
24009690
25623521
23944169
24108011
24214510
24853488
25549815
24591352
24255487
25459717
24239111
23854088
25082891
25254925
24845332
24706069
24017945
25710426
24034335
25107491
25045510
24124459
24230957
24075311
24239165
24705547
25427019
23837775
24230994
25508953
23592029
23919710
25584827
24460393
24427626
24149100
25287789
24804464
24517747
24050807
25479700
25353339
23936127
24771712
23866531
25402507
23673998
23788688
25492636
24992926
24755366
24984745
24001718
24075447
25463327
25058496
23805125
25353414
25476305
23624915
24714460
24362210
25443556
25183441
23796969
24018159
25189628
24714498
25476359
24960266
25663354
24640784
24493331
23747867
25632028
23887155
25271606
24124730
25091397
23793550
24010074
24485212
24534365
24886624
24132970
25124215
25214331
25558406
25206152
24051083
24173970
25222548
24919447
24984991
24337833
23870894
25443762
23625142
24877641
24124857
24468928
23748035
24388854
24055713
24387018
24231373
24149454
25214416
25124306
24853972
25017816
23748067
24616447
25239041
25648642
24010243
24378888
25681422
25486595
24870420
24231854
24244143
24854045
25116194
24927779
24788524
25321007
23903794
24165944
24870459
25304639
24305218
24477253
24510026
25321041
24772178
24338012
24354408
25296489
24313467
24075905
24289217
24166026
25312911
23772816
24485527
24915908
24460958
24755871
24272550
24412103
24411831
25149114
23920321
23633605
25583308
24608464
25673426
25394899
25665236
24624866
23805667
24444648
25444073
25362167
24608507
25515306
24313600
24428291
24198924
23936785
24960803
23609124
24960806
23576361
25157419
25206575
25441588
23732035
24606007
24837969
24657746
24461141
24133462
23797594
25386843
25509728
23977829
24010601
23732079
25108339
24838011
24592259
23822213
24780683
25591704
24346524
25157534
23863206
25395185
24323399
24829868
25173934
25673655
25493432
24371130
24281025
24444866
25698246
23633863
25280471
24993761
24813538
25378795
24428529
24520420
25116663
24461305
24158203
