18595841
18710529
17293321
17416215
18358296
17645600
17399847
18767912
17834032
17997874
18964541
17227840
18759758
17424463
19152984
17580127
18919440
17317988
17260649
18145391
17236085
18612342
18022520
18620537
18407546
18980988
18800768
18301057
17569131
19226770
18456737
19243177
18563242
19153070
18841787
17629375
18161856
18399264
17752260
18514125
19267790
18112720
17686741
19146105
17148623
17211615
18227427
17375462
17711345
17441015
18997497
18022650
18841852
18710795
19136780
18530574
18546961
17441046
18940190
18284831
18726960
18702640
17924404
19051913
18104637
18907457
17285458
17269078
19104088
19060690
17772603
18006372
17279718
17842541
18866546
19087752
17383817
17637771
17375628
18743695
18964884
19235224
19128732
18596255
18661804
17269176
17580478
18448833
17531332
18211269
17449414
17416649
18366923
18891213
18465230
17957331
18751957
17760729
18358746
19020538
17351137
19205295
17703399
17744363
18342380
18039277
18608211
17506810
18563583
18080261
17793542
17465863
18809357
17170968
17318437
17269286
19176199
19071534
18743859
17580601
17236541
18285121
18776645
17908297
18350671
17769069
19235438
17638003
17810036
17154680
17973882
17777277
18907778
19055240
17891986
17891991
18973339
17310365
18252446
17777317
19111984
18743981
17965744
18440887
19284667
17449661
17932990
18342595
17777359
18211541
18093520
19184422
17924853
18408183
17310456
17318655
19202839
18522910
17720099
17867556
17398578
18178865
17392434
18901128
18826043
17998654
17457983
19178345
17433452
18326389
18047869
18760574
17392513
19219335
17867673
19137434
17597339
19039133
17179552
18621345
18285478
18523049
17466288
17793969
18482099
18572217
18359228
18949053
17212352
18334662
17499080
18506704
18844494
18310102
19031000
19219417
18645983
17499109
17220582
18531304
18154476
17720307
18408441
18555899
18949120
17335301
17515527
18465801
17499155
17753110
19096599
18342938
17613853
18531362
18097194
18465835
17933357
17490997
17163319
19203128
19039293
19170366
17196095
18629699
17908806
17663052
17179725
18252878
17261650
18679312
18719849
17851502
17843316
18859131
17278079
18998404
18162821
18097288
18433163
19276948
17884310
18252962
17974438
18547882
17720491
19133983
18662595
18793678
18515151
19221661
17147092
18865018
19080415
18769130
18687213
18212080
17646837
18859258
18973949
18072831
18777344
17966338
18490627
19219717
17736969
17502423
17229092
17622312
17876268
18900301
17696079
17343826
18833635
18695510
18703712
18163044
17409381
18852755
17565048
18466169
17720700
18113923
19146119
18408841
19056010
18089355
17663377
17597853
17581473
18990498
18564516
18433446
17638836
18015678
19105218
18195907
18384325
18892231
17343945
18432247
18949583
17679827
18851286
17237466
19064294
18329852
17868274
18220535
17516028
17753606
17516039
19195404
18843152
18392594
18712090
18507295
18908712
19268046
18271156
17679931
18269775
18450000
18744919
18548314
17180254
18482785
18695781
18122345
17458805
17434237
18138753
17196679
18318987
18343565
17876623
17360546
18269866
18597556
18450103
19007161
19138236
17860287
18818753
17204936
19097291
17499857
17589970
19048149
17909462
18187993
18499297
17737450
17622766
18990834
17802996
17843965
17491711
18974464
19195652
18986625
18204426
17516303
18589464
18056985
17262365
18663203
19212072
18057003
18351918
17639216
17927135
18425663
18955928
18990916
17688390
18941767
18483016
17540938
18581325
18712400
18220881
17278808
18851681
18794340
17262447
19154804
17581941
18294648
18824170
17565566
17385345
17360776
18696074
18974603
17581977
18999194
19122076
17459102
19179427
18450340
18794406
18646953
18045938
19236797
18802639
17385425
17573842
17811411
18606044
18016224
18568646
18409451
18810862
17434612
17827831
17827832
18286585
17729531
17770494
18106368
18620758
18040840
18716332
19113994
17917964
18483220
19253269
19253271
17942553
17877025
17827876
18466855
18955272
17409716
17762364
17803325
17397429
17934410
19228749
17328211
18458708
18974819
18581604
18229354
17762411
18589813
18245756
17303686
17630913
18090120
18638985
17393802
18434189
18942095
17361040
18229393
19212436
18073754
17328290
18843812
17180839
17508522
17615019
18172078
19237040
19237044
18458815
17631429
17721550
17303769
18868444
17271008
18303203
19262502
18393318
17803500
18905508
17156338
18032886
17910007
18548985
18548988
18475261
17180931
18827528
18180366
19040528
19261715
17926421
18860321
18442535
19097896
18204972
17778991
17492272
19196216
18491709
18032961
18344259
18319685
19113697
17901896
18131273
19179852
17361050
18336088
18737497
18991460
17214524
18794870
17795450
18090363
19220860
17295744
18008449
17254793
18606483
18892526
17262998
17263002
18663835
17263021
18000306
19007926
18598327
17615291
17942972
17189309
18213310
17811906
18033094
17738190
17246673
18901460
17787350
18827738
17985958
18598377
18778605
18106874
18049538
17566217
17779799
18631182
18074132
17205781
17615382
18098713
17320476
17254941
18791801
19188257
18303523
18950692
18016813
18229807
17214001
18352693
18541116
19116470
18852430
18620856
18066004
17263190
18057819
18500189
18508382
18606692
17680998
17877616
18459257
18860671
17746561
17459855
18131603
17203652
18492069
18008753
17492665
19212987
17664706
18696902
18246344
18080205
18254548
18287317
17591014
19126204
17197806
17730288
18615026
18361075
18303740
17277397
18017029
18942726
19229450
18385677
18762513
18778900
17173271
17369887
18239776
18115367
18426667
17623858
17910579
18705207
18918203
18819907
17779525
17640263
18058062
18213711
19082076
19098463
18385776
18582387
18230137
18508673
17361799
17484680
19277634
17157011
18631575
18205599
17214368
19114914
18844580
19278758
19131303
18254766
19188893
19033009
17476532
17959863
18025408
18877378
17779659
19016654
17681365
18475993
18197471
18425681
18197484
17484783
18951940
17525751
18754560
17746953
18672657
18811929
18418863
17869854
17562800
18787364
17244678
18844710
17198119
17288242
17632316
18484286
18394176
18689092
17413987
18377813
18598999
18361435
18967649
18844785
17353848
19082365
18631818
19254411
18877587
18599060
18623637
19238043
17435805
17280163
18377897
17968299
17755309
18648239
18033865
17599672
18828475
17962292
19180744
18689225
19134327
17435854
17460432
17427670
18637349
19074273
17452258
17231077
19041516
18402542
17370354
18205940
17419524
17968389
19057928
19238156
18304270
18976017
18709721
17616154
18205979
17378592
17476898
17952038
18402612
17182009
18804029
17550662
18586849
18419020
18124002
18820430
17395025
17837400
17960285
19126160
17288550
19230057
17878378
19186237
18066811
19066243
17984900
18779527
19090824
18946225
18582946
18181539
18615717
18386345
17550773
18484665
18402755
18845127
17501645
18927055
17624528
19090897
19246550
17665500
18525681
18542096
18034223
18263615
17272384
18599490
19123781
18624074
18705997
17731152
18574930
17280601
19189339
18017897
17428075
18665068
17878654
18493065
18919057
17763992
17567386
17649314
19181219
19082916
18198182
18697904
19189430
19132088
18861756
18452168
19066569
17985231
17886939
19026554
19222241
19091173
19173098
17379051
18452205
18345711
17878770
18689783
19033858
18935556
18181894
19255052
17215259
18493216
17305379
17747757
17682243
17542989
18747214
19279698
17600341
17223521
17346422
19052521
18296706
17616776
18493321
17895313
17977238
17346460
17428385
19263489
18246982
17969063
17166254
18124719
18567093
17215414
17952702
19001283
18091979
18337754
18042846
18812895
18108386
19165862
19017703
19111250
18673647
17321970
17182711
19249151
19222529
18018306
18526214
17592328
17526797
18485264
18133019
19140636
18796577
18149412
18911270
18116647
17952813
17223727
18133045
17231931
17715260
17420351
18444354
17518659
19017797
17281097
18034763
17756243
19059454
17313898
17502315
19189872
17690741
18141302
18567296
18296964
18905111
19198092
17387664
17256597
19026070
18190490
17338527
17322147
18018472
19181745
19271870
19271875
18878662
18278433
18157770
18813131
17985747
17739988
17330391
18084063
17886587
17543396
18608372
17821941
18280694
17346812
17453781
17576193
19099913
18067724
18985231
19239190
18583837
17346848
19149098
17215787
17682733
18886958
17625393
18714930
18698550
18198839
19255608
17445177
17469763
18895173
18018635
18968910
18157903
17481103
18501981
18174312
19116401
17797497
17502615
17674649
19100062
17322399
17174947
17519014
19222955
17412525
17215920
19209630
18059702
17871289
18928059
18256317
19036235
18722210
18051534
19161848
17347029
18641366
18846167
17191384
17617383
17740267
18362864
19191891
17281790
17338878
18125311
18190867
17363494
18321976
18911802
18035272
17494605
17199885
17207895
17830494
18780772
18199143
17338985
17216106
17232491
18739821
17543790
18051695
19018362
18272891
17191552
17281675
18281100
18453141
17601177
17404571
17756829
17846944
18510502
19165872
17773237
17822399
17601312
18920145
17306325
17478360
18789094
18322154
17527538
17748734
19092228
18625285
17797896
18731785
17432023
17167117
18404111
18764561
17183509
19108632
17470238
18772768
18780963
18477863
18420522
18098312
17158962
17879863
17191736
17658694
17904439
17470292
17650517
19116888
19084122
17795216
17290089
17396588
18994029
18535288
17224578
18846596
19101846
17470348
18363280
18895762
17246362
17175454
19208347
18355108
19166118
18520221
18240441
17593274
18281403
17281985
18117572
17372107
18723788
18527181
17871826
18789340
18306016
18527210
17560557
18912241
17961970
19280724
18909354
18297685
18584579
17323013
18592790
18117658
18330652
18625567
17699875
17765415
19002413
18805815
18109499
18560063
18256960
18469953
17388612
19043397
19141703
17839183
17527890
17970271
17749091
17618026
17183861
19002489
17856704
17536133
19215496
17872016
17765527
18805921
18535590
17822892
18076845
18789555
18298043
17568962
19027155
18379989
18822360
17315034
18076891
17831132
17904863
18412772
19002597
18322670
17372401
18814199
17216760
18765049
18543869
18945279
17364224
18306318
19109145
18822428
17569055
18289954
18257190
19036380
17888554
17683764
19117373
17749311
17814853
18843878
17978727
18380139
17184116
18224504
19117433
18779711
19076482
17167749
17618313
18044298
18986388
19002777
18855328
18412968
18290097
19002270
19166654
18339264
17176006
18670497
18544074
19171575
17593808
18568659
19204345
17454553
18224606
18134497
17635849
19182502
17241576
17339887
18953718
18978297
17995261
18101766
18642448
19011091
18880022
18904599
19093020
17151517
17487390
18306591
18519584
19191330
17471014
17962541
17970737
18822710
18052664
17724989
17323593
18036316
19215971
18257510
18773607
17757808
18822774
18724472
17938041
17675905
18396802
18290307
19035785
17348234
17815179
17651359
18011808
17602211
19183274
17520300
18593453
17905333
18282166
18257604
17757893
18560710
17446600
18781132
18020052
17168086
18749143
17561310
18847455
17684194
18863851
18396912
18282228
18517630
17790199
17618685
19232510
17504000
18629060
18331408
17233683
18814747
17553191
18937640
18044714
17905462
17545038
17889105
18134879
18413408
19257185
18159458
18659171
18216805
18667373
18962286
17430389
18560887
17332088
18462591
17241984
17692546
19036040
18896778
17725328
17356689
17307538
18266018
19142564
18225062
18667435
18610092
19007816
17908723
17954741
17545148
18143167
18134979
17905604
18659270
18192329
17602506
17823694
17913807
18053072
18167762
18741204
18446297
18847709
18233316
18001933
18905067
17643500
19068910
18552815
18561008
18585585
17750015
17700873
17553427
17643540
18806807
17152034
17274917
18118699
19028013
18136755
17610815
19265601
18987079
17938504
18520137
18487371
18683983
18298962
17848403
18823261
17840229
18959753
18757743
19002390
17569930
17569942
18757786
17799323
18241692
18487453
18667678
17905833
17971371
18225329
18946226
19118262
18872505
17791168
17840322
19273923
18544850
17914072
18127065
18528476
17197434
19060994
17602823
18110735
18602259
17922326
19077404
18733342
17693061
18053410
17586472
18979124
18987317
18979131
18012479
17832258
19028293
18331984
18717013
18225494
19216730
19085660
18700637
18405739
19249521
18749812
19044732
18676096
18422147
17717637
19241355
17889681
18127251
19126680
19125546
17574298
17283492
18143659
18045359
18536880
18815409
17578419
17160630
17684919
18651588
18962885
18848203
19003864
18119129
18495968
17938918
18717167
17365489
19143155
18602487
19225081
17791484
19044861
17635845
17611273
17504781
17967533
17463825
18905619
19061269
18635286
18045465
19028508
17938975
18139570
18422322
18643516
19216957
17930817
17734214
18487881
17873492
18165085
17259100
19233377
17783394
18717283
17967548
19077739
18119285
17245289
18561656
18406009
18504329
17513102
18610831
18004624
18160274
17423002
17873567
18332324
18561701
19208884
17586869
18983453
17953909
17365696
19058464
17169095
17285638
18250448
17226452
17431254
18258647
18905827
17578725
18242288
17431290
17701636
17192065
17570568
18275083
19192595
17570583
18119452
17890077
17488672
18766628
18660134
18160425
19077930
18291501
18660145
17341234
17718067
19159860
18037558
18955066
18586080
19266370
18326667
18799430
18029390
17349459
18062174
17546079
18439012
17431403
18758517
18015469
17300346
17193864
19229165
17285372
19110809
18996124
17171622
18963361
17832887
18889664
17783746
17218502
18938827
17185744
17816535
18807775
19028961
18070500
17683622
17218537
17193962
18136043
18775026
18545652
17275893
19165938
17169410
17964040
18504715
17996813
17863853
18709520
17161237
18889755
18455580
18103330
18603043
18045997
18521136
18692617
17374270
17497153
17488969
17161299
19160162
18963562
18021483
18447473
19208723
17415285
17333369
18209923
18266646
18472070
18701455
17497237
19283102
18046121
18283693
17505455
18865328
17915063
17571003
17472700
19242174
18087104
17267915
19242190
18676946
18341076
17169625
17816795
18111711
17243361
18529507
17571048
19111146
17775852
18431215
17767668
17915125
17292542
18949903
17177858
18324743
19209483
17210638
17317137
17644818
18783509
18291990
17849631
19193122
18382119
18349365
17628471
17391499
18931012
17333581
18865486
18758993
18693458
18087260
18865506
18567057
18619567
19244239
17571183
18521459
18881912
18529657
17456515
17538437
17841545
17284495
18365842
18832789
17989018
18063258
18991644
17489311
19086759
18365870
17522103
18554297
17407420
18519287
18980304
17874391
19168728
17497562
17587678
17989091
17358312
18935719
17980913
17260023
17963604
18939404
18374161
17686036
17645082
17538991
18841122
18964004
18234933
19045943
18972232
18710098
19232014
18718312
17972842
17882731
18538096
18398840
19037819
17522300
18726526
17833609
19127948
18218639
17899159
17653400
17727131
18456222
18071202
18906788
17465005
17956530
18382515
18661050
18939579
18898635
17686220
19201741
19087310
17219286
18235104
18448097
18292450
18357987
17211108
17397030
17759974
17219303
17628912
17391345
17637116
17178365
19275518
19136256
18480903
19242763
18194189
18333459
17743642
17317659
18255834
17735455
17825580
19106226
17645361
18595641
18775871
17629011
17194837
17186646
18055141
18022248
18762387
19169140
18997110
17923964
17317764
17219463
18014089
17596299
17194893
18218897
18669459
18721879
18567151
18087840
19111850
18546607
18063283
17948596
18710457
18472896
17801153
18808778
17866702
19087315
18218969
17858527
18882533
18399216
17489911
18186233
