8216579
7831574
6938656
7348263
7168040
7938094
8003631
6586427
7315536
8159321
8126561
6971502
8437874
6463617
8093718
7987346
7375555
6447255
6955161
7397531
8093852
8126621
8429726
7250079
6865062
8114205
7209140
8282294
8381812
7708862
8298692
7602381
7880916
8217977
6734041
7192794
8547023
8380636
8265952
6537442
7995624
8446186
7733484
6693102
6652144
8233000
7954675
8541566
7545078
7045368
8077562
8462589
6611199
7004417
6545667
7209234
6840605
6627614
8519967
8569745
6906167
8413496
7495995
6619452
6627646
6832453
7307591
6693200
7962961
8036694
8470873
7479645
7635297
7512421
8307068
7471485
6668670
7897474
8405386
7881102
7586198
8028573
6496671
7594401
7733669
6545833
7155783
6889903
7627184
7905715
6734261
7872955
7283135
7995855
7987664
8233428
6975566
7414243
8561125
7963110
7758315
7832044
8299000
6783483
8348165
8233478
6554120
8086034
7930390
8323620
7864869
6603304
8258090
8223495
7971373
7758382
7012912
7135793
7922232
7930443
6849101
7299668
6636117
7742040
7324254
7774818
6939237
8135272
8135275
6996589
6472316
6857343
7922314
7070356
7118958
6906522
7553702
8331946
7201453
7553710
6630173
8332711
6578888
8184525
8037070
8192727
7725788
7423440
6529763
6709990
7635690
8299245
7365363
7815924
7815926
7529207
7242488
7684859
8200956
7889665
7365386
6996748
7963405
6726417
8495891
7996180
8053525
7078680
8012570
8398706
7803013
8053539
8413989
7316269
6726448
7521073
7152444
8332093
6906689
8078148
6759245
7758670
7078740
6996826
6735344
6456157
8012641
7119717
6882155
7750510
7603060
6849399
8037240
6460906
8274833
6554515
8323989
8108868
8119197
6765381
6505376
7415280
6562725
6818631
7603699
7906233
7570367
6775745
7078850
8111047
7201737
7455698
7209941
7635934
7177188
8086501
8242162
6743028
7627766
7816198
8406024
8356883
6923284
7840792
7758885
6939686
8406056
6906921
7726125
7889977
7472205
7038046
6612063
6497376
6603873
8316013
6694001
7046262
7685241
8553606
7578767
6784145
7685266
8418604
7709847
8258720
6710434
8488102
6988973
7103663
7079090
8520886
8406205
8324288
6554825
7709898
7865547
6803237
7742683
8537311
8316128
7029987
6628585
7251188
7824639
6685954
7709960
8430859
6448398
7652635
7931166
6903344
7660840
8308011
7726386
6833462
7423289
7573851
8037697
8471874
8367940
7890247
6997327
7841104
8185174
8242524
6481248
7152993
8398184
8272786
8095087
7144820
6767993
7988605
7890303
8316299
8521105
6849939
7062933
8349081
7177630
7669151
6464934
7202215
8160681
7505338
6604238
7562704
7046623
7849445
7448048
8398322
8062451
6497791
8488451
8463877
6841868
7841294
6972955
7194148
7095847
8209970
6866483
6546997
6989370
8513098
7546445
8401165
6866522
7415388
8513118
8341090
6448747
8439405
8054386
7915126
6989431
8185466
7956099
8062596
8226448
8259233
7644835
7636644
7382697
7521964
7186095
8300213
7734973
6932159
6645444
7898826
8453070
7472856
6940377
8038111
6866657
7857891
7710437
7538408
6588140
8300270
7759626
7456529
7571223
7833374
7931702
7817018
7006013
8423230
6473536
6883137
7071557
8502241
7472968
6670154
6686540
7415629
7391054
7194453
6465168
8562536
6457198
7943763
7374711
8275832
7489402
7811393
8480654
8466755
7399324
7546781
7227309
7735214
6981551
6612914
7980980
7464887
6866874
6514625
6834121
8325067
7136931
7055317
7227363
7030767
8005620
7079926
8259575
6907907
7784452
7538693
8423432
6514697
8465410
7424023
8284186
6533467
8267813
7497794
8267844
8398920
8431695
7604309
6809687
6798357
6744158
6604895
8259684
6555753
7383146
7424113
7628916
8562806
7997560
6703230
6776959
7957526
7039110
6834312
6645904
6776987
7112864
6613156
8300709
6539433
7825581
8409460
8325312
6858947
7801032
7973065
7205240
6441170
8475001
8390872
7448793
8124111
6760670
8481007
7195688
7137523
7710967
7645432
7162108
6711553
8210691
8308997
7874824
7735571
8529625
8448289
7530791
8513835
8210733
8120624
6654260
8210749
7883074
8399185
6523230
6891871
8366461
6474113
8401304
6834586
6744479
6998443
6720898
8505790
6613439
6843467
7006666
8161745
6482388
7055829
7932400
7932402
6889897
8407546
7139754
7563778
8432140
7334420
8118703
7277086
7490090
8161840
8563253
8358468
7834182
8481355
8161881
7022353
6859369
8276588
8505968
7793267
8268407
7055994
7416444
7670397
7162497
6744715
7318156
8080019
7457431
7719578
6941339
6597281
7572132
7137957
6687398
6785708
6892213
7891644
8227521
7662275
6867652
8350414
7367375
8211158
7826175
8260360
7719690
8465166
6875930
7686939
6794013
6540062
6982431
7441185
6515492
7539498
6613811
6802244
6646598
7809863
6556488
6540108
8391821
6851410
6690617
7203675
8448860
7277416
6499189
7736189
8151531
7105417
8350605
8424336
6753170
7785370
7269275
7105436
7867296
7048098
8305819
7039908
6540201
7687083
6704044
6532014
6613944
6581179
8382282
6949828
8121286
7367842
6810576
7850962
6782838
7201275
8125606
8408038
7285735
6876141
6900726
7842810
8514556
7138301
7728126
7875586
6695942
7851021
8203285
6933526
7669929
8277020
7326760
7973931
6917165
8195120
7040049
6458427
7056459
8113228
8465485
8170588
7056479
7867488
7539810
6892645
6589542
6933610
7695467
8318060
7924853
6663290
6802555
8170622
6851715
6540422
6769800
6683842
6458512
8260761
8129698
7056550
6589608
7695530
6851757
7722867
7826612
8015030
8555704
6761663
6941900
7548115
7351511
7507162
7417051
6778076
7384289
6884591
7990512
6860017
6483187
6810878
8375553
7073027
8080649
8096983
7777549
7015694
8509315
7818518
7294249
8293674
6483250
7015732
7122235
8039744
7957828
8432965
8277217
7408970
6442315
7867726
6696272
7056721
7785810
7155029
6761820
7646558
8310112
7204196
7859558
8285543
8269164
7925108
6442362
8228226
7900549
8023436
6704528
7966098
7441815
8400283
7220637
7572720
7851429
8269226
7531948
7450038
6475199
7925190
8555978
7540172
7343569
7966166
8445177
7843289
7944636
8064480
8375779
6966759
8334824
7622126
8270419
7712249
7024127
7032322
7704067
8498695
7571708
7773603
7376407
8072744
7040555
7810610
7204105
6811193
7851581
8556095
8162880
8359489
8228421
7237197
7917135
6835802
7319132
7482977
7392869
6688358
7573097
6475372
8531568
6783595
6637505
7171728
6663825
7581332
7922274
6917785
6573734
8515239
7540392
6860471
7564994
7933642
8269520
7425745
7990999
7737048
6557403
7171806
7605988
6670291
6737652
6983414
7696119
7991032
6958852
8384261
8515334
8105735
6721288
7551033
7622427
7835428
6950693
8244435
6950704
8089406
7728959
6737732
7122760
6778697
8564555
8269647
6745937
8367968
7237473
6565736
8146793
7810923
8040300
6827897
6942587
7737215
7253888
8060224
8433539
7974792
8302474
8425359
7524243
8212376
6844316
7548832
6680485
8474534
7884717
6516656
7958449
8196021
8409760
7122896
6696916
7958488
8490975
7794656
6819811
7491559
8425450
7460253
7458800
7344118
8097784
8073217
8384514
6967300
7516170
6549515
6975501
8499225
6492189
6492192
7622692
6688805
7458854
7721000
7032156
7755783
7122989
6819901
7016511
7893059
8532037
6967367
7237709
6860878
8409181
7852127
7401570
8474725
7794799
7221365
7704696
8532095
6877317
8376469
8188065
6508706
6844580
7008423
6557880
8162676
7196866
7155907
7295175
7876811
8270030
7139536
8041772
7149605
7598305
7696610
8499428
7418090
6852857
8524032
7024905
6885642
6648077
6574359
8007961
8450333
8007975
6590760
7295273
6680880
7688499
7778625
7778627
8106310
7688520
6836559
7000400
7108665
7516505
7024987
7008609
8147303
8442221
7876980
7344504
7631225
8376701
8122752
8565135
8024469
7737751
7909784
8368539
7319969
8499618
6959528
6648234
8127433
8130996
8229302
6517176
6754746
7107008
8245698
7008714
6500814
6631889
7311827
8204760
6615513
6827429
6824700
7650727
7899221
7082501
7649367
7942668
6795793
8516122
7582237
6697503
7631394
7246372
8024615
7066154
7705139
7139892
8450619
6902348
7082577
7524947
6853207
7377504
7443042
7766801
7254636
6902411
7615119
7017105
7352983
8172188
8049309
7180960
7869095
7058088
7860910
8073904
6795968
7459526
8491724
6542035
6935264
7320298
7811823
8435839
8205052
8539609
7336755
8155956
7934780
8205117
8393537
8123202
6599494
7623495
6918990
6705999
6640473
7263075
7517028
8295272
7983933
6435708
7738239
7271301
7119681
7484296
6484877
6861715
8360855
6460319
8418211
6493093
6869933
8205233
8246197
6714294
7402424
8098746
7812027
8311741
7967681
6550473
7795659
7795662
8516569
6771674
7689039
8565732
6722535
6968299
8426482
8188918
7317673
7844856
7320575
8213518
8377361
7664661
7214102
8516633
7828507
7738396
8135514
7967774
8565796
6485029
7156778
6894639
6772915
8066102
7926842
6493248
8344656
8328277
6583391
6952036
7730277
8410222
8017008
8344690
7427190
7033980
7812223
6722692
8074374
8500367
7435408
7194819
8139926
7017630
6984869
7107757
6583473
8565947
6649036
6870223
8139988
7492826
7927010
7380518
6591356
7288044
6526191
6763760
6714623
6624513
8156420
7189785
6722851
8353061
7673127
8230186
6599980
8148270
8434997
8337631
8320322
8140104
7460178
7116117
6821212
8492383
7124327
7419240
8000874
6927726
8238452
8516983
8500602
7746942
7212608
7705990
7902599
7820681
7165323
6608281
7746973
8435120
8320433
6722994
6845885
8132030
7386575
7419350
7910873
7542235
7648732
8403194
6780383
7173609
7689706
6534638
6485496
7607804
8394254
6542864
6460945
7829013
8443415
7231010
7468587
8189485
7673392
6518330
7132734
7282274
8402512
7468627
8148566
7476825
7894623
7140960
8451681
7443387
8091239
7239276
7845486
7550577
7050866
7722613
8564329
6739576
7337596
8124035
7206533
7709633
6993545
7132816
8107669
6657686
7050912
7845540
7141036
6616751
6641331
7182007
7567032
7124678
7329480
8132297
7812815
7222994
8255201
8476396
8107759
7321335
7026425
8140550
6567687
6485770
6788875
7190285
7798403
8017686
7829271
7091992
7427883
6797103
7395126
7969076
6682426
7313218
7116612
6944581
6510407
8206161
7190356
7984981
7952221
7427939
7681901
8107891
6887285
7862139
8394627
7640966
7419787
7542669
8058780
7223197
8198050
8394663
7753499
7952309
6977463
6649789
7026629
7059401
7672823
7796687
8067024
6985688
8173542
8386536
8239087
6756347
8452094
8075265
7116803
7034886
6658055
8165390
6526991
7665681
6944788
7297055
7985188
8173605
8468524
6617145
6813769
7182411
6985804
7510103
8206429
7780460
7526510
6584087
8435826
6772855
8493176
8468603
7714943
7534724
8296582
7952528
6428817
8493202
8255638
6633630
6912160
7043235
8272036
7911591
6476828
6609075
7526584
7936185
6704842
7313602
7657668
7788747
8288474
8222941
6772959
6519009
6775846
8468712
8108269
7436538
7248128
8083713
8026370
8255752
7395596
8550670
7321872
6813977
8567077
7821608
7625006
6666545
7510324
8427836
7780669
7747907
8369206
6641993
6592850
8288599
7076185
7911771
7977311
8567139
8067428
7174503
7084404
8552170
6461826
7371141
6609287
7707031
6732175
8288662
7076247
6478248
6937009
6642100
7985590
6691260
6601151
8444355
7215560
7911881
6745847
6945228
7264720
7551442
7297492
8362456
6601184
8311631
6552045
7969192
6740483
6904326
7936525
7297554
7199252
7764506
8067611
6683172
8018473
8108594
6945343
6896202
6634059
7633484
6994513
8387154
8510035
7838295
6897425
6486633
7264887
6765180
8256126
6625928
7010954
6822553
7453339
7089947
6691496
6994603
6732465
6855361
6837366
7707338
8452812
8067791
7060188
7466789
6462196
7707382
7576312
7707388
7248637
7682823
8469256
8461067
8321806
7445269
7478038
6609689
7969565
8002338
6716203
6839086
6535987
8067893
7076666
7985981
8059712
7478084
6470469
8084298
8461132
7887697
7068498
7527252
8053903
6929247
8199009
7502692
7560043
8485749
6495102
7347071
6830976
6454146
7281539
8207237
6822792
8280971
8076174
8305551
6560658
6921107
7297943
7843652
6593442
8526053
6593445
8510381
7027634
6454197
8092609
6495182
8371151
6904784
6708181
7740377
8485857
8117219
7486440
8256497
6757366
8109047
7322626
6519812
8133638
6929415
7658506
8071682
7715861
7306262
8330263
7552024
7404574
7552041
7879723
7388213
8240182
6724668
7552064
6659143
8563212
7208804
8324473
6782049
7740514
7199851
6978676
7887991
7388286
6569089
8125575
7945353
8395916
8510607
6765713
6503575
6937755
6978717
7920799
8182950
7003304
6962349
7822515
6626489
7797951
7519426
6560963
8264900
6749381
7077062
7781579
8092879
6986963
6601944
8362532
8508623
8142053
8363247
8346869
7592489
7462137
8051963
6847747
7896325
6872327
6724880
6921489
7675154
8490883
7140570
7144667
8150312
8019255
7331132
7757120
7732549
8191306
6987093
6438233
6479199
7355745
8543587
8355175
7986539
6905197
7062761
7986553
7036287
7118223
7429520
7511444
8543637
7568791
7970211
8084901
6774183
6561194
7232946
6929849
8035776
7593412
6602183
8519113
7970252
6815182
8527311
6823377
8502740
6684125
7904736
7765478
7223889
8527340
8526418
7314926
7577079
8453624
7781881
6897154
8330755
7454217
8216084
7822872
7355938
7880228
8027686
8355375
6684209
8338998
7511607
6635068
7142975
7667265
6594117
8076872
6659678
6479458
8366697
7290493
7716480
6504067
6741644
6520463
7331484
8412829
7184033
8322729
6741679
7703367
7783838
7937719
6684346
7782079
6897345
7315140
7519944
8142539
7765714
7716564
7724759
7544539
6954724
7347944
8444540
7290602
7012075
8232685
6946543
7298805
8060662
7782139
6905606
7490177
7487241
6831884
7257873
6643474
8547905
6635295
6610720
7069479
6643611
8234290
8519478
6643520
8019779
6792502
7159622
8445768
6774604
6537054
7602020
8281958
8167271
8019830
7135095
6995838
8093577
6471564
6635405
8503182
7331734
7339931
6668190
6803440
7626663
7315375
7995313
7724979
7004087
7823289
6717382
8118218
7421900
7471067
6569948
6995943
7274474
6840312
7856122
