28049415
28377104
29581333
28270622
29007911
29073448
28368950
28708873
29442105
29081661
28426303
28811330
29565002
28106844
29450333
29556851
28262517
29048952
28254332
29115755
28811398
28786826
29606028
28082321
29950108
29712544
29409443
29810853
28016814
29933752
28418233
27910336
29081795
29823009
29802702
28336339
29221084
27885792
28025061
27951336
29753578
29958381
28066031
28688626
28246259
29960916
29171962
28295422
29958399
29368581
27959558
29180169
29384973
28172559
28410129
28713234
29950227
29638935
28418334
28205353
29614379
29335852
28004136
29131060
29450549
29319485
27882892
29729103
28565850
28066144
28262755
29974891
28787054
29262194
29823038
28574082
29688198
29352002
29589902
28623250
29991316
29229471
27869605
29041063
28754344
28393904
29401522
29548980
29901239
29339723
29786567
28721608
28131791
28426708
28926426
28885475
27984357
28934633
28353006
28811760
29221374
28844545
28475914
28336652
29598221
28631566
28041743
28377619
29950489
29647393
29729316
28262953
28017195
28189231
27976242
27902518
29442615
28549692
29950532
28426822
29024839
28140104
28525142
27918935
28942943
29762146
28615271
27984489
27992682
28050030
29000304
28426867
29786740
28074613
28672637
29147784
29745807
29909651
28131992
27902620
29614749
28910248
29229743
27910833
28664499
29008564
29278902
28787385
29131454
28304063
29393600
28918468
29622991
29261944
29950678
28263127
28246754
29508323
29344485
29098734
29377267
28715821
28918547
28336916
28148505
27960094
29368454
28238651
28640077
28836689
29229911
29229201
29926249
28844908
29983599
29901683
28566404
29991813
29614993
28713875
28222361
29647774
28976038
29082539
28787633
28255155
29107128
29639612
29975492
29819847
29682508
29049812
28689370
28836827
28525538
29369316
29997905
28378092
29066222
28705776
29274280
28771315
28222456
28255225
29352954
28566528
29279243
28181518
28689423
28525584
28509203
28845079
28732251
28197924
28648486
28877863
29680690
29615156
28574776
28910650
29435402
28222540
29951054
28402771
29490021
29123680
28583009
28050532
28173417
27878506
28525688
29363050
28935294
29566090
28083342
28804632
29435035
27927713
28050594
28574884
29353126
28501160
29508780
28558513
29549757
28665026
29092296
28992709
28820678
29279432
28624074
28837070
29598928
29992153
27870427
28681436
28714207
29197548
28443885
28411118
28165361
29877497
28542216
29877513
27886862
29598993
28853525
29664537
27968800
28968225
29779235
29410607
29500726
28869943
29786336
29574467
29803844
28394825
29369692
28938469
29558114
29345131
29975920
28632434
28345746
28525971
28584928
29672870
29762991
28616112
29860083
29058486
28419512
28026299
29353407
29107648
29148613
28050889
29115854
27878864
29681119
28558817
27960806
28255738
28640774
28780042
28640780
29050391
29640216
28984858
29746720
29640225
28526116
28165671
28182058
28321324
29640237
27911731
29942025
29287996
28673599
28501568
29509186
29632073
29869645
28780110
28059215
28083796
29771350
28182103
29394521
28886622
29197920
29779556
29410928
27887218
28695486
28542582
28591739
29744064
29663511
28616334
27960982
29238936
28083866
29394590
27928228
28873268
28051125
28157629
29312706
29427398
29607632
28559059
29943509
29976278
29017821
29116129
29435620
28140750
28350169
29173497
29881983
28526333
29001474
29615880
27920137
29255435
29681422
29214492
28436256
27985698
29536679
29935398
29345579
29189935
28673857
29902667
29263692
28280654
29673302
28403552
28002145
28021053
29820785
29501299
29656950
28356927
29788028
29520193
29909576
29099915
28583821
29271953
28395411
27871125
28051350
29771683
29312934
28370858
28526510
28059567
28460990
29747135
27969472
29788101
28174279
29878216
29878218
29935268
29728997
27936757
28821494
29009913
29976571
28190719
29714434
29526027
29009933
28354575
28485648
28411924
28575782
29692252
28731444
28911670
29206595
28493893
28592207
28706900
28141660
29280352
27895905
29485162
29067375
28715131
28289158
28264583
29730957
27969678
28616850
28928148
29608088
29976732
29943966
27986085
28084391
29386920
29444270
28641462
28346553
29255870
29739200
29805600
29837514
29149389
29264084
28202702
29092067
29190380
28567789
29993202
28698870
28551415
28338428
29018369
28461315
28723460
28559635
29944086
28059927
28690715
29780253
29698335
29567267
27986213
28215595
28830003
28477751
28117308
28365195
29395270
29747541
28682582
28264164
29550939
28100957
28379488
27904353
28600692
28436854
29821304
28174714
29100411
28141965
28674447
28797330
28412309
29976987
29460895
29100448
28625342
29682111
27937224
28215753
28453324
28051926
28468985
27929050
29469147
28297693
28133854
28396010
27857319
28076524
27977469
29084147
28002805
29444598
29854206
28035591
28060168
28494348
29755931
28183073
28641828
29600294
28322345
29600317
27871807
29141568
28944965
28043849
28183116
29452901
28994151
28568175
28437109
27978364
28584574
28309269
28568194
29338731
28371592
28445331
28224148
29969045
28412572
29272736
28297896
29985449
29641388
29280944
29362866
29301875
29313716
29985462
28355265
29838020
28830411
29518540
28216020
28289753
28429023
29715172
28470396
29706988
29190893
28035823
29305610
28150542
28445455
28240657
29117209
29051678
29846303
28928800
29817679
29829923
28511013
28732198
28494635
28437293
28502830
28756786
28732212
27913024
28887884
29780814
29428567
27880283
28371810
28593002
28429167
29633393
29879163
28183423
28109696
28199809
28429186
28896136
27921291
28994446
29510543
29576082
28937121
28681817
29330343
29649837
29338542
28101553
27945906
28596043
29264836
29928397
29903822
29371351
28576736
28978148
28306426
28322820
28052652
28281867
28740621
28445715
28216341
29740054
29953052
28552224
27946026
29879356
29559874
29731914
28904526
28918285
28068946
29256790
29559899
28601443
29322340
29568105
29617259
29166703
29396081
28224629
29076604
29936767
28552320
29412484
28938774
29756560
28445843
28105924
27978907
28011692
28948338
28052667
27962561
29093060
28542838
28486864
29535441
29560034
29951867
29732069
29150440
28716265
27921644
28224750
29715695
28806388
28986615
28765433
28527870
29180459
28552453
29953289
28470538
29355275
28470546
29601045
28749087
28306737
28667189
28003641
28609859
28233035
28872027
29347164
28527970
28044645
28536173
29625710
27897199
29568368
29076852
29601001
29871485
29683076
28167559
29273482
29117835
29019541
29674905
29814171
29207967
28634531
29609380
27921830
29093288
29330860
28069293
28093872
29073992
27954420
28134844
28343312
29314522
29191659
29076973
29052402
29396472
28265981
28987989
27880961
29437446
28839434
28904978
28265731
28503574
29658648
28883697
29338885
29249064
29494828
29068848
29814322
29052469
28487226
28388924
29814335
27905611
29240914
29901996
29584983
29150809
29257306
28339809
28495461
28307046
28741224
28192364
28315248
29068913
28208768
28135048
27971230
28634789
29757099
29339313
29809526
29904587
29216465
28397269
29257430
28331742
29961957
28798694
29880041
29970157
28045038
29011704
29781753
28790524
29052673
29273859
28946181
28413705
29814541
29683470
28233492
29085471
29224744
29617961
29421356
29413165
28176178
29732659
27873081
29232050
29830976
29290310
29634387
29478743
28651352
29618010
27905888
28913508
28028779
28102509
28492811
28512125
28864385
29355906
28987277
29323151
29495184
28258199
29233054
28004257
28151715
29625133
29757350
29487016
28184500
28037045
29396925
29915127
29249486
29700051
29519829
29462488
29822938
28296957
29531571
29454325
28676087
29667322
28225534
29675523
29831172
29317121
28373001
29798411
29429786
28099247
28790817
27996198
29397031
28463145
29102123
28799030
28790846
28168256
29840054
29642822
29945927
28586059
29159501
28684378
29888603
29126749
28823654
28856434
28928020
28766339
29143182
29929629
29429104
27971752
28151982
29667510
28807355
28446913
28717258
29249742
28643535
28790992
28987601
28373206
28856536
28536741
29429979
28029150
28930273
29970659
29167845
27979174
28610794
28348655
29564287
28037374
29225223
28774666
29028625
28733721
28569888
28651817
29883783
29462845
28086591
28299585
28127554
28176709
28676422
28528970
29798731
29438287
28102995
29823317
28021080
29430108
28053856
28316007
27857271
28750207
29823361
29602178
28496267
29913485
28602767
29659541
29520279
28078489
27881883
28496286
29960261
29413799
29028776
27898282
29446572
29594029
28106142
29946294
28979643
29372861
29061572
29946312
29749708
28578256
29176288
28152293
27857385
28840429
29381102
28094959
27905448
27963891
29487607
29700603
28307968
29725185
28389894
29659660
28520982
29479447
28512794
29553184
29454882
29864488
28348970
28611117
29225519
28561968
29105587
28619316
29487674
28684867
29053510
28919905
29282888
29405778
28357205
29577822
28791391
28324449
28562032
29151858
29995635
29348481
28086917
29307526
29160072
29725269
28660368
29979284
28234389
28594838
29069976
29364890
27873973
28832438
29471417
28340923
28619452
29471443
29717208
28447464
29618927
28693233
29750003
29799158
29242106
28137600
29520656
29643538
28152595
28224986
29766431
28087075
28611365
28177191
29537074
29496116
28169020
28242760
29659978
28693330
29635418
28865387
27931508
29108372
29135740
29036011
28930956
28267417
28406682
28111779
29718684
29299631
28406704
29209525
29193148
27964354
27988940
28324814
28832719
28167672
29610962
28136417
29291490
28996579
28431338
29397998
28947439
29651956
29332470
29283319
28521466
28790271
28668927
28316679
29979656
28259343
29725717
29979675
29455390
29814278
29619242
29398071
29594682
28636224
28546117
29627467
28660822
29135962
28177503
29873272
28005503
28349570
28071052
29701266
28333205
29373596
28546210
28742837
29840566
29881527
29193400
29684922
28464323
28644548
29586639
28570837
29390044
28759273
29611250
28243200
29349123
29537550
29349143
28472608
28044848
29878595
29259052
28046637
28333363
28554553
28300606
28874061
28964175
28849496
27893306
28284256
28218721
28480872
28216892
28611946
28915051
29857133
29431155
27858293
28915065
28915072
29439363
29701508
28489095
27866508
28505493
29635996
29291933
29210014
29315303
29496751
29800691
29193656
28595649
29447618
29808768
29977075
29824468
28202453
28005851
29726172
28808673
29717986
28931556
29868966
29373927
29038061
28251647
29644288
29357574
29046279
27891210
28055060
28431895
28595748
29213617
28767789
28014129
28268088
29791806
28210762
28374603
28202577
28472923
28202590
28505697
28137059
29136487
28128878
28571248
28032414
29931133
29759103
28079749
29927703
29210269
29988511
29277808
28188274
29931193
29128378
28186301
29603526
28612298
29349579
29136590
29152980
27907800
28514009
29578970
29127631
28554972
28702445
28399344
29251313
29562613
28145398
29818871
29677308
28063485
28284676
28473101
28489493
29390614
28972829
28325671
29587240
29488938
29439788
29814811
28530479
29431603
28399415
29669180
28481341
29103947
29972300
29808470
27989847
28079966
29488991
29259619
28915560
28014441
29620077
29202290
28899187
29341571
29603731
28144622
29341591
29611928
28473245
28751776
27948966
29128617
28358570
29464491
28506029
29798964
29611959
29947844
27883464
29226960
29467640
28071900
29161439
28751844
28235761
29792245
28375031
28030974
28080129
27949060
28035414
28383260
27875364
28874799
28375099
29636669
29161539
29292624
29939794
28170337
29546594
28352188
28768363
28391547
27973760
29096067
28301446
28653711
28031132
28694694
28424362
28219564
29825206
29956279
28448952
28776641
27924676
29341896
28793038
29137103
29399252
28842199
28096729
29227229
29235424
29522151
28719336
28170483
29907188
29292806
28727559
28326159
28637456
29104404
27908380
29063468
28694839
29727032
29841729
29358405
28248461
28219731
27941208
27998557
29276525
29112686
29874547
29612414
28068245
28555650
27867525
29563270
27991789
29604256
29751731
29071800
29555132
29882815
28187072
28408268
28989905
28482002
28400083
29972952
28334553
29792730
28776923
29628903
29923816
28072425
28793322
28932591
29055481
29170171
28473852
28973567
29211142
28916234
29309453
28654096
29760019
28138010
29268508
28334624
28629557
28744246
28686913
27908696
29967460
28473948
28334686
28834406
29350512
29973116
29178304
29973133
29358735
28228241
28138143
28154540
28310192
28400305
28940979
29536573
28387785
29391551
29350594
28367564
28424910
28711639
28056280
28121827
29129445
29563345
29047531
29104878
29375215
28733224
28354336
28834561
28228365
29268752
29694743
28384044
29891375
29858616
28490559
29195075
29350727
28310351
29637456
28531537
28414351
28294969
27990872
29145949
29023073
28580709
29129578
29285229
27941750
27982313
28801920
28793741
29563810
29932460
28564399
28818353
29703090
28900275
28990390
28105655
28072894
28408768
29852833
28195805
29121503
29096937
28638186
28556269
28261359
28924912
29654001
28122115
29842438
28687368
29383689
29568855
28367888
28277777
29678634
29367344
29318195
29834296
29670473
29228107
28040274
29727829
28138583
28073049
28376158
29826144
29506661
29383784
28441714
29326451
29752436
28793974
28261498
29736061
29588609
29473926
28490890
28654731
28531862
27999383
28621980
29736105
28425386
28900523
28236972
29777072
29752500
28785848
28327108
29657633
28302537
28417229
29326544
29293781
28007640
29127887
28417244
29866931
29695199
29998305
29908859
29392107
29809900
28056813
28015854
28253424
28703988
29835134
29441272
28835077
29036418
29097238
27958554
28441883
28679452
28269855
29916448
29326647
29531455
28294474
28736851
27917654
29810007
29523290
29343071
28253540
28065131
28122477
28048760
28548479
29605253
28417415
29269384
28384652
29302680
29973913
29580699
27934110
28646815
28474786
29359524
29244851
28736949
28220857
28786107
28212240
29367756
29662677
29384155
29400543
29998561
29179362
29785573
29064685
28786165
29933056
29638150
28384778
29408787
27926037
29695511
29679137
28163618
29885764
29424220
27926060
29964053
28474938
28491324
29417036
28294733
28032597
29572695
29474392
28139101
29351525
29828369
28696173
28737134
28556912
28434034
28950151
28933771
28820761
29810354
29138614
28417719
28548796
29654717
29679295
27983555
28548805
29195978
29073105
29130459
28122847
28950253
29146888
29903491
28892949
28835606
28376856
29066543
27934494
29753120
29744931
28770089
28466989
29089584
29800392
28933941
29122361
29867840
29861174
29302599
28065611
27950926
28294992
29605713
29491032
29376348
28344169
29062462
29813396
27934586
29564795
28753789
28335998
29671298
29097860
29147016
28483467
28057486
27877263
29179793
29368216
29032345
28163999
28229545
29933485
28688327
27885515
29736909
29876183
27959260
29155299
29368296
28467182
29351923
29671415
29968160
