5087232
6062081
4308995
5054472
6299661
4988943
4694035
5554203
5210144
4857889
4890660
4390955
4759608
5791805
5663413
4841537
4718665
6400695
6225998
5718096
4735057
6127700
4448356
5767271
4719975
4808723
6406260
4980853
4817016
4333694
4808835
4644996
4669576
5677193
5349516
5283982
5677202
4571286
6316184
5947549
4579488
4292770
5726372
6292849
5243053
4790985
5013688
6152378
4554940
6037693
4350143
6324420
5734598
4890829
5587151
6144210
5685459
5398748
6332640
5808355
5177575
6139797
5644540
5136639
5242923
4800774
4317449
5882124
5751055
6201620
5462746
4530468
5054767
6373691
5226812
4948294
5701959
4342088
4751692
5824845
5251407
5456214
5833047
5923172
4374885
5316969
5628270
5939567
4678001
4538738
5800309
6201719
4800901
5783944
6381962
6070667
6398348
6037904
5202323
5947801
6029730
6087080
4882857
6074440
6013362
4897524
6316475
4424124
6332862
4882889
4563407
5210587
5857757
4497886
5955664
5693925
4506090
5652972
4514285
5071347
5489142
4801015
6111741
5440007
6152714
4514316
6308366
6160911
4350484
5767702
5751322
4448799
6218279
4489770
5335815
5153338
4555324
5382720
6062658
5268046
4743759
5136978
6333020
4883055
4817534
5847829
4481670
5431945
5145235
6021781
6390427
6136480
6385777
5760455
4440748
4899502
5825200
6283955
5882553
5849787
5014206
5595841
4489923
5202628
4367045
5235399
4768458
6185675
6218447
4375253
5522137
6320250
6202085
5726955
6398703
6259440
5808882
5186292
4612855
5702395
5333762
4833412
5153562
5276457
5489452
5186355
6243126
5473080
5473122
4383589
6251366
4801384
5014378
6374252
5579630
4924273
4481912
4998011
5645183
5792642
6177667
5718917
4932486
5227399
5849995
5546892
5292943
6054803
4793238
4870297
5424033
5972898
4580280
5276602
4547517
5104576
5571522
5063619
4719556
5006281
4634103
5374925
5841870
4809685
4842457
5165221
6095844
4465638
5506028
5555185
5882868
6407167
5386412
5481493
5432350
5121056
4662305
4604963
4359209
5596206
5932095
6339229
5006409
5809229
5661780
5080161
5465195
5801072
4711540
5917822
5316799
5252220
5604478
6108693
5678208
6177925
4629645
5776527
5481617
4990114
5062854
6120623
5784757
4965566
4433087
6096066
5948613
5932232
4818122
5121229
5031118
6218959
5055699
5326036
5686485
5375190
4531420
4359393
5604585
4310250
4924654
4523249
5588211
5383420
5195006
4424961
6210830
4482319
4980779
5244179
5014805
6374712
4457787
5465405
4433218
5106571
4294199
5342541
5424472
4594575
5358940
5326174
4359519
4441440
6047073
4883815
4457841
4531570
6104437
5563766
4695416
4859266
6120836
5629320
4629898
5752208
5491611
4433322
6358452
6269856
5719495
6129099
6211034
4711899
5268957
5367265
6284771
5981676
5574909
6039027
5539320
6137341
5891584
5645829
5811116
5760528
5154328
6137369
5891616
4621863
4802095
6080054
5817911
5129792
5588551
5204920
6399571
6374996
6006357
5793369
4408940
4695663
4589176
6006396
5244551
4638349
5195408
6112922
5957283
6178471
6063787
5637808
5547708
4531904
4466372
5023430
4511351
5170894
5433047
5236440
5177636
6375133
5187295
5850849
6055654
6055662
5404285
6162166
5277434
5474051
5965576
4646675
6014744
5588765
4736800
6041904
4843302
5850922
4859692
5367600
5867314
6145844
6014777
6148405
5375809
5687106
6358851
5867339
4400972
4540237
5097294
4777809
5252947
5957461
4638552
5982042
4564830
4786020
4327275
5752702
4802431
6104968
5859221
6031258
5441439
4294565
5367718
4859827
5638074
5949371
5728188
5531589
5212103
5933000
6170574
5064676
5830310
5294054
5941228
4868083
4351989
4433919
4917249
5711883
5105677
5695502
6416407
6203416
4524059
6015007
5130281
4417581
5613616
4597811
4474937
5670982
4772194
4737110
6285253
5818466
4466789
5695594
5982317
4614254
5253234
5921811
5122165
5359735
6047871
4425863
4679816
5449868
6400149
4901017
4761754
5482661
5605542
6009201
5056681
4929226
5064895
6375115
6260936
5433548
5692450
5015762
5417174
6154459
6229337
5097699
4491493
5777638
4860137
5155050
6318318
4406332
6129904
6359281
6105331
5449974
5032187
4630784
5925125
5425426
5335317
5925143
5638426
4327707
4761884
5351709
5974302
4548897
5179683
6129958
5130541
5187888
5753158
5531987
5794136
6056286
4491624
4750396
5138798
6064495
6015346
5982582
5843320
4917629
4589955
5556615
5327240
4311459
5613989
6415927
5196205
5581235
6056380
4303294
4655555
5048772
5149089
5351882
4934093
6089179
6138335
5868001
5614058
5024236
4786672
5138935
5024261
5351953
5327382
5884442
4639261
6343198
6416937
5532205
4868665
4819518
5442117
5892681
5155407
5433937
5778004
5253717
5466710
5261915
5089890
5409380
5417575
4858300
5646956
5171822
4409981
4896533
5393027
4336260
5024391
5614216
5221004
4862402
5663374
5646104
6425234
5606053
5417638
4565677
4393653
5251529
4451003
6261446
4655827
4999892
4582102
5024473
5417690
4525178
5778143
5450475
6204140
5303029
5868279
4328184
6417150
5458690
4877061
5622535
6187789
5737235
5835542
5983001
5942044
6368031
5620187
4983588
6376583
5131060
5276126
4606774
6286135
5527215
4483902
4377410
6366567
5120481
4688712
5696331
5426005
5417823
4508514
5999465
5458798
5483375
6163312
5743082
5401471
4303746
6007689
5073803
4533134
5338947
5114772
4631451
5303197
5401502
6400927
5647264
4582316
5262253
4877232
5647282
4524979
5065654
4574135
5376952
5245884
6343617
4450123
5172167
4950988
4295631
6409179
5303260
4484068
4901861
4434921
4467692
5213168
6266024
5802996
6335477
4606967
5704698
4639744
5819397
4714057
6024213
4852759
5254171
6212636
5729314
5726727
5663790
4713523
5057605
5426256
4508753
4639830
5819480
4541531
6032476
4312158
4557922
4697189
5295207
5213291
6360177
4951154
5147765
5108244
4672634
6278267
5057662
5893313
6024328
6240108
6081678
6171799
4918439
5278895
6212790
5612063
4828351
4517057
5819589
4771017
4705486
5713104
4631769
6212830
6425829
5623016
5532905
5407205
4353262
5704950
5180670
5762304
4320514
5876999
5778697
5557514
4476177
6286619
5680415
4738338
4361507
5246255
5369136
5868849
4656435
4861236
4528009
4607296
6057285
4451664
4869457
5795155
5524825
5041506
6196580
5074278
5169724
5221738
5123442
5262715
4410756
4812167
5647764
4762862
5459352
5025181
5575241
5090744
4885949
5090751
4574657
5713348
5713142
6261840
4976077
4296142
4550096
5066197
4350543
6360542
5148127
5402080
5107170
5811688
5180905
5295611
4771341
5254676
6393372
4501023
4984355
4992548
5017126
5303854
5418543
5582392
4742410
4468289
6114887
5082697
5410395
4476509
5590633
5246577
6344306
4796020
5205621
5000822
5328503
4836988
4779660
4558477
6196880
6098578
5156499
4943509
5694063
5779100
5934751
4632227
4353700
5254822
4411059
5443252
4763328
5877447
6393544
5574353
4329179
5902044
4779745
5574375
5123818
6065902
4730608
6333055
4542212
5254917
4386568
5558025
6237964
6311695
5533456
5328659
5213972
4984612
6210534
6246191
5517121
4321093
5975879
5418827
5254990
4878162
5902165
5033824
5541729
5295975
4607850
5459833
4345725
6426497
6320002
5828501
6311832
4427676
4403106
5246907
4788166
5844937
4861907
5098832
5476323
4804582
5328871
4386795
6246386
6393843
4919289
4542458
4853758
4804611
6043649
4870152
4661932
5459988
4689241
6066200
6262812
5173278
5287967
6238240
4296741
5001255
5304361
4870190
5795891
5460020
5648446
5361730
5517382
4722760
5785614
5533783
5623898
4632667
4362332
5304416
4943973
4329575
4427885
4952177
4968570
5828742
4812941
6213774
5157007
4788370
4485273
5165211
4477087
6375451
4330182
5443755
4985004
5533870
4591799
6361274
5705919
4624579
4591814
5886151
5935306
6181093
6148328
5615856
5189873
5132538
5591293
4706561
6131982
6172957
6205730
4935974
4747568
4313393
5247283
4321589
6009144
4567356
6295872
5468481
5263685
5386568
6418762
5222734
5493074
5779802
4747614
5566818
4837738
5501291
4641137
5583221
6173048
6214010
6222203
4739465
4575649
5050791
4600234
5886387
4440820
5866612
5640642
5984709
5181894
5796295
6386122
4354508
5714383
5657041
6238679
6296032
5599713
6001146
6238716
4969216
4592138
5943819
5722642
4575764
4764190
5108278
4870720
4829762
6320710
6017609
5017016
4919899
6203493
5001830
5026407
4534893
6378099
5599860
5272181
6091384
6058621
5616260
6173318
6279819
4641421
6189711
5264017
4616853
4715164
5010077
4355677
5665441
4944555
5329581
4567731
4313785
6345407
5010118
5993161
5870285
4977369
5026528
4969186
6238960
6361844
5362423
5591801
5739258
4674301
5575422
6017792
5264136
6296334
4305679
4494097
5632788
5247766
4911902
4928287
6001443
5681965
4911919
5485361
5755698
5370675
6329151
4584270
5288788
5026655
6378336
4887408
5739389
6017918
5624705
5903236
4838282
5059504
4944828
4387776
6304708
5510094
6181839
5862353
6072486
4428785
5772276
5420024
4813829
6090313
5649421
4920335
6042645
5018653
5420069
5903399
6394920
4977705
6009900
4944943
6001714
4322371
4363347
5772372
5747797
5755992
4830299
4346990
5346416
6234984
6222963
5903476
5564607
5030762
5125246
4453503
6214784
4486276
4289676
5690510
5002386
5100691
4469916
4510879
5463579
4936875
4551856
5289139
6042804
5108922
5469375
4936899
5485775
5846241
4347109
4347130
5059841
4748547
5453062
5133577
5813515
5469452
6136706
5575955
5485845
5895457
5190946
4666660
5240107
4601134
4904247
4306244
5387590
6288725
5317519
4642140
6113509
6190433
5993826
5282022
5453164
5322094
6280560
5166450
5731710
6313346
6198661
5666182
5879176
4380046
5117327
4707734
5420468
4568501
5903799
6319192
4781506
4920774
5281223
4552136
6133193
4453838
4470225
5117400
4806123
4290031
4722325
5838327
5330432
6034948
5477900
4584981
4994582
5912087
4929053
4486697
5215793
4724275
5871157
4912695
5208331
5961285
6125128
5748304
4953686
5158493
4406885
4863591
4347501
4945520
4339315
5215860
4494966
5516905
4576891
4429437
5658238
5125760
5887618
6289193
4691604
4904598
4880038
4486823
5281449
4445867
5789358
5572893
6190769
5587913
5674683
5117628
4396733
6395582
6313668
4853366
6043335
4511433
5740234
4363980
4675286
4585192
5797612
5707506
4986613
5625603
5486349
6379284
4904725
4699929
5093148
5322529
5175076
4962609
6100777
6027051
4331315
5707575
4921151
5297984
5404482
5388099
4953927
6346570
5207885
4290392
6262416
5183333
6174566
5928808
4872043
4970348
6297460
4872054
5525141
6035334
4929857
5805961
6322063
4913042
5134234
5724062
5896095
4634532
4986789
4683686
6401692
5191611
6141884
5461949
5003205
5199816
4585418
5715916
6215640
4388831
4937699
5224428
5281775
5666800
5937137
4290547
6191096
5996202
5740545
6395914
5838859
5724172
5511190
4659229
4356129
6404132
4290598
5675050
4945963
4905004
4864047
4790322
4880436
6045408
5011530
4585547
5298257
5421140
6174807
5945444
5527659
5085297
5666930
5634163
4831362
4610186
5413004
5281940
4978846
4659361
5101730
5802354
5871793
5904562
6273205
6043842
6346950
4520145
6109397
6043864
5953758
4872422
6240488
6281464
5495046
4618504
4454667
4593933
5633071
5757215
4733217
5830950
4935388
5126449
5527869
4675905
4299075
4659524
5667152
6396253
5069150
4610406
4921704
6183276
5716336
6396278
6289783
5495186
5847447
4741534
4479394
5061029
4938163
4830379
4995521
4340172
5642704
5052888
4372955
6351269
4356579
4544997
5601767
5298672
4807158
5837908
6420988
4471296
6126082
5003784
5011977
5765642
4569617
5077524
5634582
6115077
6314529
5397031
5667376
5855797
5126718
5642817
4913735
4340324
4422248
4602475
5716607
5388930
5823109
6124739
6027713
4414103
6322841
5372573
4405919
5268592
5523911
4471477
5683897
6159037
6109887
5987014
5667529
5291810
4823760
4537048
4954842
6167262
4651747
4397808
4594420
6355701
4455158
5651197
5102337
4422403
6052620
5995283
5626645
4791066
6003484
4496169
5667626
5249838
5184310
5921596
4422462
5544767
4815709
6126436
6380007
5512046
4873071
4889457
6093683
5602172
5602181
5954439
4881292
4774797
5995407
4414352
5266328
5847962
5282722
4291503
5798835
5487541
4938694
5323719
4848586
6044625
4627412
6159317
5086168
6216667
4701150
5897183
5225441
5454822
5241836
4594669
6085616
4946933
6298616
5536771
5725189
4905996
6420994
4537363
5487647
4920496
5200930
5717027
4447268
4996136
6396973
4684846
6020145
6118450
4553781
5758008
4611132
6274112
4894560
5110852
5635142
6192205
4586575
5184596
5872728
4488286
5130769
5758059
5454958
4889712
5848181
6093943
6216825
4291706
6323326
5479552
4619393
5308268
5848211
4824213
5618843
5446822
5643432
6380730
5143739
4938952
5815503
6167760
6169806
5643486
4816105
5618924
5610733
6331635
4889850
5553409
5905673
5848330
5971215
4758803
5184792
5840154
6249759
5012772
6233381
5430568
4513073
5373238
5053753
5676353
5242185
4398410
4783448
5397852
4357482
5668218
4578684
5143934
5864831
5160331
4595086
4619663
6331805
4898207
5619107
4652459
6307252
5963191
4832697
5356998
5094860
6176207
6159825
4955611
6381025
4947430
5291514
5463550
5389830
4619788
5209614
6135320
5602842
5504539
4750877
5966427
5774896
6356533
4619831
6176315
5422656
5996107
6037076
4505174
5799511
5922393
6233692
4374110
5512803
5004901
5234278
6037097
4767339
4603515
4570753
5774990
5127824
6299282
5119641
5947034
5013154
4480682
5291691
4693960
5881533
5152450
4677333
4669149
5291744
4628212
5332727
5373688
5380735
5897822
4456197
5480198
5693199
4488979
5381912
6405913
5209882
5398301
5340962
6348583
5914412
5840685
4833075
5127994
5021505
5775171
5627718
5013324
6094673
4480852
6102875
5406572
4570989
5627765
5644156
4661126
6086535
5595018
4431763
5283734
4694000
5832611
6370630
5603244
5316527
4554675
6266806
5169090
5059373
6044321
5816264
6012873
6193100
4440015
5750738
5824470
6029271
5898200
4464607
5455845
6324201
5324781
5439472
5742578
5054452
6279166
