21432322
21487621
21897223
21827596
22672386
22480912
21998936
22059029
22786073
22040602
22742046
21927941
22652054
21510177
21706787
22126629
21483558
22457692
21456938
22837255
22586496
22439602
22716464
21991474
21551155
22558772
22226998
21585977
22153352
22360125
21739582
21770303
22584485
22284354
22399043
22730820
22751301
21858375
22216776
22171721
22779593
22448203
22775138
22556750
22407248
22180536
21706834
21764179
22280277
22321238
22390874
21463131
22249565
22218846
22640739
21536869
22708326
22618129
22258364
21459050
22720620
22186565
21506159
22534431
21629042
21430387
21731444
22067317
22776169
22448250
22206588
21606525
21774462
21993599
22819178
21495938
21764227
22091910
22510273
22050952
21809290
22670359
21579918
22237328
22028433
21745810
21928083
21710996
22304917
22415431
21588123
22497436
22261918
21723295
22229155
21489829
21593606
21514411
22010028
22261933
22480585
22700213
22368439
21674169
22522566
21708989
22853823
22585538
21455043
22767812
22683845
22114502
21893153
21963468
22079690
21878987
22611768
22315216
21754069
22359649
22200538
21915867
22208732
22608095
21553377
21983459
22495270
22714065
21866728
22468583
21516522
22324263
21876974
21899503
22503664
22149362
21596403
21997812
22536437
22165752
21868793
21606650
21645563
22106364
21964842
22411479
22708608
22163714
21453060
21911813
21500169
21795085
22577423
22651460
22087953
21608722
22400279
22740082
21784854
21813529
21647644
22187738
21989662
21450117
21854496
22536481
22094114
22529755
22798726
21725478
21864747
21575982
22157615
22403377
22194482
22481204
21801273
22327610
22791365
21823806
21610816
22389057
22327619
22561094
22374383
22457309
22214988
21971277
22788691
21829968
22376163
21496150
22471004
22536544
22516066
22341987
22845002
22387955
22444392
22163817
21711210
21721451
22592729
22690157
22538608
22698353
21854578
21694836
22102078
22245750
22567287
22175807
21559676
22602111
22575214
22272782
21989763
22169988
22081925
22518150
22570925
22161802
22106507
22851981
22172046
21877135
22671760
22166936
21725588
22505594
22831510
21692823
21871000
21899675
22088919
22378913
21899682
21729700
21752234
21682247
21776812
22561788
21563822
21752239
22057686
22096308
22161822
22636982
22813362
22180282
22768353
22794684
22820597
22442432
22249924
21836231
22586444
21488075
22230434
21873102
22510195
21623250
21658067
22656854
22182357
22659542
22843863
21957081
22829534
22018527
22544464
22303202
22208251
22620644
22368337
22112746
22219243
21541359
22166000
22257706
22202869
21854711
21936632
21823993
21944826
22435925
21703168
21729794
22297003
22646593
21844485
22133254
22577675
22692269
22379024
22102546
22182419
21910037
21819929
21948954
22135324
22748250
21891614
21547551
21482017
22012450
22151715
21457445
21692966
21598763
21565996
21746222
22754397
22221576
22218163
22699275
22481465
22662995
21621307
21453373
22733375
22149696
22569539
22063684
21496389
22348359
21666377
22776394
22229579
22004301
22131279
21736016
21643858
22317651
21467733
22344278
22438489
21570139
22448732
22020701
21932639
22064716
21958465
21922402
22432086
22002277
22364774
22493800
21609065
22776594
21557870
22098543
21740144
22639218
22250099
22170228
21946997
21668470
22146347
21482106
22243964
22488621
21631614
22592129
21494402
22119531
22778505
22819607
22784652
22494691
21459600
21762705
22024853
22340246
22303880
22386799
21998237
22053535
21785248
21861026
22422182
22399655
21605034
21844652
21838962
22330034
22214771
22837705
21502648
21447353
21492412
22607079
21787329
22715101
22254275
21686982
22755105
22213320
22577867
21816012
22393549
22362831
21822162
21486291
22229716
22006222
22012630
22751959
22852312
22735578
21666523
21680861
22250206
22693143
21953249
21668579
22844132
22827749
22102762
21930791
22667730
22115055
22438640
22418161
21607154
22033008
22074102
22267348
21693178
22038655
21666556
22440701
22766334
21889595
22128427
22573828
22362886
21936904
22699282
22547211
21685005
22120573
22242064
21447441
21512978
22473859
22592278
22493657
22282539
21867292
21586717
21832479
22734285
22856482
21805859
22803236
21871399
22453032
21967663
21955720
21535538
21539636
22467381
21588790
21484344
22461242
21927050
22182718
22735973
21820225
22672195
21889861
21910342
21986120
22100809
21543754
21728075
22766701
21865297
21732178
21816147
22754133
22588246
22053719
22238040
22381403
21865308
22651741
22272862
21771103
21896033
21533538
22682468
21531494
22817640
22649707
21527410
22639763
22027126
22379039
22608761
21814138
22052671
21928828
21474176
21691265
21943171
22440836
22531222
21494663
22768521
22808412
22457228
22152078
22123407
21566353
21709714
22507331
22326164
22587855
21754777
22379422
22585158
22366229
22853105
22133916
22295331
22821803
22676396
22166445
21795759
22811464
22453170
21855731
21957556
22495390
22442934
21443513
21748668
21703613
22207422
22029249
22186946
21565945
22780868
21578693
21914566
22420824
22082505
22041546
21969399
22182862
22592463
21924816
21558226
22430883
22504405
21711831
22623193
22624342
21722618
22331557
21519328
22514657
22545380
22289385
22389739
22823917
22211568
21586931
21812213
22326263
22174712
22238201
22289402
22675967
21490684
21531645
22006783
22432768
21818369
22562899
22053893
22735398
22630572
21886535
22293335
21775373
22570000
22096914
22514707
22537236
22549525
22189078
21896215
21804056
22477180
22041629
22240286
22184453
22332452
21513253
22181041
22549544
22059868
22205482
21818887
21605420
21658670
22287407
21546033
21988404
22612830
21472314
21445471
21515327
22541994
21834818
22759100
22680644
22557767
22467657
22843731
22745271
22430796
22199138
21546065
22266962
22173198
22330454
22395992
22409060
22058074
22584413
22647905
22643811
22498150
22289596
21679211
22381677
22449016
21652594
21603444
21755001
22467706
21660795
22571973
21918846
22013055
21791872
22726914
22025347
22580358
21824648
21437578
22820375
22219917
22757420
21533842
22488211
21724309
22412438
22824366
21554328
21437267
21701788
21879965
22788293
22668448
22623393
22545570
22230555
21531812
22382790
21812390
22682140
22351771
22795805
21628080
21437640
22365363
21695670
21923003
22011068
22698186
21492928
21913803
22211698
21449927
21574856
22605002
22508749
22666042
22203599
22263672
22619972
21697751
22072536
22050009
22588635
22363356
22426845
22656223
21464290
21650660
22540838
22445287
22516872
22592745
22238442
21540075
22245388
21517555
21602849
22294057
21613816
21955216
22396157
22064383
21492992
22273281
21542146
22187268
21748997
22521094
21865736
22588972
21556439
22621452
21464334
21789967
22199570
22295427
22177671
21800215
22547332
21814556
22633759
21720352
22052131
21568804
22316325
22560038
22365479
22398248
22300892
21820715
21955887
21804336
22549611
22506807
21925177
22666554
22211899
22631740
21964093
22234431
21839168
22203714
22187331
21591365
21807329
22617416
22785356
22451426
21855567
21474640
22450403
22142292
22412174
22525270
21953880
22082788
21476699
22226268
22433122
21860923
22709395
21435749
21620075
21818738
22846355
22827911
22300024
21769594
22797887
22734207
21990785
22812131
21917060
21763461
22824374
22128008
22586768
22712981
21816723
22338965
22800847
21771672
21925273
22586779
22142623
22226333
22377886
21432901
21444000
21525922
21876131
22435236
21519783
22222248
21851563
22760877
22680514
22278045
22549936
21484978
21469427
22383518
22109208
22123961
21454269
21433589
22132161
22205890
21495237
22691270
22248904
21765577
22538355
21771723
22384077
22208979
21767631
22756818
21495252
22483029
22820313
22275546
21605851
21941448
22674009
21487070
22183391
22106618
22115810
21946619
21917156
22119909
21568999
21585386
21558763
22527468
22734317
21638639
21786097
21784051
21429748
22368863
21859834
22797821
22646275
21788165
21499398
21587463
22179725
21616137
22646284
22105613
22015502
22533037
22582872
22218261
22320729
22016260
22172591
21933597
22253086
22007329
21702182
22734376
21761628
21988908
22363693
22299427
22085167
22707761
21495351
22804026
22001211
21607997
21464638
22312511
22357568
22214211
22396485
21814854
21616199
21796426
21732940
22640116
21974613
21575254
22439512
22287961
21526106
21831260
21679710
21446245
22330977
21438050
21567419
21694053
22826598
21692008
22533052
22271595
22161004
22275346
22724200
21626484
22334398
22463081
21655160
22552185
22015611
22767409
22312573
21739134
22242943
21657217
22384316
21587588
22685317
21614214
22350785
21601931
22177420
22163085
22675086
21747345
22533059
22551833
22797976
21894812
22064797
21454789
22728352
21962401
22605475
22504205
22698358
22696244
21583529
22220458
22609579
22783662
22408881
21847730
21591731
21442229
21978806
22172617
22462136
22245050
21993147
21669564
21546685
22021822
22750911
22178080
22768246
22658760
21725132
21993162
22728994
22636152
22054612
21649110
21585623
22656292
21499610
22189787
22544093
22255327
21982944
22125520
22052579
22658790
22165224
21622505
21544682
22713639
22492909
22832237
21823219
22376180
22537078
22544119
22298360
21513979
21802749
22671106
21935403
21575430
22204033
22844281
22349581
22669070
22626063
21454610
22661378
21983126
22175515
21729053
21585694
21911328
21956385
22660697
22271783
21702440
22005547
22338525
22105904
21514033
22785844
21511990
22298424
22659696
22222652
21954365
21532479
21505857
21636930
21579587
22263620
21479237
22441798
22607689
22493572
22552133
22589069
22103890
22235107
21751637
21849942
21978968
22722393
22299215
22161244
22763360
21591905
22687453
21880676
22620817
21587818
21938151
22699885
22557609
22274870
22019956
21821301
22204393
21868408
22764863
21860221
21919615
22734720
21647233
21686146
22048643
21487492
21565319
22056843
22024077
22314288
22710595
22357908
21575574
21989273
22593434
21649307
22194077
22308767
22333247
22820770
22587302
21966759
22136476
21610411
22771628
22003629
22169518
22288303
22501297
21492723
22056884
21868470
22132665
22305424
21673915
22568811
22247357
22314943
21686209
22108099
21505989
22761416
22851529
22411211
21819340
21472756
22261712
21475283
22185878
22843352
22228953
22507486
22008144
22220770
22142947
22048741
22652902
21868519
22771688
21630953
22554604
22581229
21505021
21880816
21448691
21661685
22740982
21915305
22748500
21985275
21788669
