19791876
21230934
19464199
19431437
19324942
20938767
20111376
21200913
19431445
21045272
19939353
19849246
20684839
20802396
19382313
21151787
19341356
20652082
20160573
20250687
21233737
21307466
20349007
20979802
19751007
19701856
20258917
21233766
19372732
21315698
19366010
20988027
20881536
21323915
19595407
21086361
20299931
21127335
19923113
20045996
19685560
19882172
19562687
20955343
20881622
19996892
21389538
20431077
20447466
20897831
20979950
20357359
19570934
19767548
20545789
19423494
21152015
19808539
21332253
21160224
20742440
21397802
21004587
20078897
19374391
20472121
21389629
21236450
21291364
20169062
20250987
21062000
19480952
20414841
21373325
21093102
19292575
19841446
20234665
20054443
20065010
20824496
19726772
19628469
19898807
20529592
19440059
20816318
21416694
19366343
19931592
20308429
21070298
20087260
20521439
19849705
21307886
19563005
19404674
21094914
19448329
19661323
20857356
19391917
21037589
20398619
19320658
20464158
21406240
21414434
21201449
20939308
20161071
19776061
20931135
21152331
21250650
20177506
20071011
21209701
19563964
21013099
19898995
20816522
20497036
20095632
21119634
21054104
20218522
19776157
19563172
20562599
20726444
20644536
21127868
20800198
19856162
21185233
19522263
20062938
19596751
20071134
20185824
20718308
20792048
20216616
21373683
21373685
21054202
20251389
19735296
20079362
19342091
20210447
19489564
20513570
20890419
20710196
19546948
20120392
21332817
19678041
21406562
19456875
20790077
20251510
21226362
19964807
20431753
20301293
19645328
20554649
20390812
20620190
19440543
20120482
20248050
20661166
20161456
21308363
20210643
20626210
21054431
19817441
20333539
20497382
20553897
21070843
20857860
19629065
20882449
19334168
20489250
19719204
20120615
20376412
20546609
19383356
21136453
19932240
20972637
20137087
19711104
20792449
20407432
20276366
19350672
19326113
19424421
20522150
20210859
21111980
20210861
20653231
20219058
21218485
19310111
19842236
20391101
20620481
19580098
20186307
19702982
19391691
19760336
19334356
20243675
21046494
20251872
20374754
20006115
21365993
20415722
21382380
20620528
20841713
19719414
19293433
20063786
19850496
19906774
19662091
21336280
21300500
20366613
21218582
21300503
21407282
21112124
20497726
21054785
19416388
19699254
21079366
21259595
20227410
19719511
20809054
21153123
20145513
21087601
20612473
21136767
19891584
20956549
21095816
19842442
20096396
21251470
21013909
20874651
19506590
19654049
20358563
19973540
19719596
20841901
19473842
21243316
20432457
20686268
20582646
21308871
21194189
20587983
20686293
19424727
19555800
21030361
19318236
21243357
21358046
19867104
19367395
20891108
21063142
19793384
19506665
20563437
20340989
19613176
20899321
21366275
20923914
21399127
20276749
20317714
20137499
19588639
20358688
20145706
21423664
20497970
20489779
19416635
19351102
20506178
19351110
20637257
20399699
21227094
19844025
19818078
20489829
19524736
20301425
20817528
19351163
20391553
19449484
19555983
20989610
20604598
19564218
19713777
20981436
21194434
19384003
20014790
19998421
21389481
20063963
21423844
21235433
20383476
20006652
20686589
21374718
20686592
19490433
20055816
19752713
21101970
20817681
20580121
19482394
19810075
19531549
20383518
21349930
20965164
20719405
19982133
20121401
20514619
21194556
20670280
21315895
20932428
19334991
20793168
19744399
20277087
20432738
20326253
19359598
20301684
20612988
21342080
20367237
19629984
21030820
20080573
21391308
19965901
20146126
20932559
19376101
19679208
19671023
20326384
19408884
20572177
19859477
19998752
21063713
20793382
20777002
20170795
19417134
21071920
19720241
20604982
20604986
21336418
21080148
20432981
19843158
20416599
21170268
21252197
20949094
20465778
19990654
19679360
21096581
19736711
19744910
20686996
19794073
19359899
21104811
19392686
20064432
20211895
19908798
21022915
19368132
19728582
20941011
20629725
20818155
20343039
20809984
21408005
20015369
19671308
20424973
21375256
21203232
20572452
20834606
21178671
19728692
20565044
20965690
21285181
21308485
21244229
19900742
20998473
19933519
20106297
21205392
20572516
19974501
20875629
21014901
20498806
19294600
19745161
19515792
19974546
19605917
20711842
20122019
20760996
20302248
21064109
20597169
19540405
21350842
20490688
20302274
19728839
19352009
19630540
19302861
20335055
20416979
20498925
19761652
20883958
20728311
20515326
20204031
20146701
20761104
20425236
21408289
20761132
21228084
20286006
19481012
21334588
19761725
20630079
20261442
19704399
19294805
20933216
19614305
20302435
20097637
20785766
20376178
19532405
20892279
20695672
20859528
20138642
20531863
19892889
20798575
21384603
21203617
20073123
19352233
19892910
20196019
20474552
20425402
20294333
19450561
20171458
19344069
19663561
20769485
21179098
19901148
19532514
20277989
21023470
19655407
20663025
20859634
21220086
21334780
21277440
20163712
20769547
20990733
20286222
19745556
21080854
20122393
21310241
20693468
19893044
20286266
19352383
21285704
19950412
19549006
19802964
20589402
20097883
21146460
19409766
20458354
21392631
19712891
21261180
21269385
19663757
20032399
19418002
19917720
21089177
20671394
20622245
21113778
19770295
19811257
19680188
20671424
20523976
21294029
21105615
19794896
19688402
21179351
21146586
19508193
20532199
20862802
21146625
19352597
19319834
19794971
21253149
21040176
20614196
19770422
21023799
20466745
19319866
19303487
20810817
19647555
20065353
20376652
21032013
19942480
21023825
19688540
19663971
20180071
19754089
20630638
21343353
19380074
19860608
20057221
19704966
19385482
19811472
20057234
21163157
20196509
19451045
20376757
19557571
21056711
20475096
19901664
21015777
20819174
21056748
20434163
19877110
19647735
20999418
19418363
21234220
19551798
20598029
20925710
20057361
20368666
20933915
21099056
19538978
21302570
20041004
19574061
21269807
19893559
19311934
19475801
20065629
20319586
19320176
20450676
20090237
20581768
19639691
20336018
20794775
20041115
20442556
20336061
19836352
21366688
19656131
21220805
21319113
20803019
20278739
21032404
19680738
20065764
20286954
20516331
20663798
20614652
20155907
20098565
20303372
20295182
19322397
21089826
20270636
21048877
21106222
19344947
20246068
20704837
21048904
21239735
20827726
21241101
20655700
19967583
21425763
19713640
21180017
19754614
21188220
20704896
20205190
21089927
21073544
19648147
20352661
19995930
19623588
21127930
19549866
19590827
19361455
20385458
19915379
19582647
20958907
21376712
20393677
19721507
21180122
20049643
19934956
21130992
20680433
20311797
21098230
20188925
20049662
20664068
19492615
19410700
21024525
20090643
21098274
20016932
20524847
19590960
19812146
20574009
19435322
19386172
19517246
21335873
20631367
21393229
21196625
20787026
19640148
20762453
20377433
19902301
19451747
19480349
20787045
20000615
21253993
20454718
19713915
20008842
19976085
21204895
20213670
19574695
20746153
20672427
21082029
20832925
19369911
19935176
20025298
21123028
21221338
19468251
19812323
20877284
20869093
20983783
20213737
19927022
19451888
20721656
19509247
20385792
20557825
20869122
20189193
19484683
20099097
20967451
21057571
19787815
20181032
19410989
19820592
20820017
21008447
19705921
21212514
20697170
20421987
20082777
20377698
20271205
20613137
20672616
20172919
21213304
20443258
20557947
20009086
20629525
19820672
20844673
20574338
20287630
19804313
20762782
21172391
19951784
20672687
21041329
20926645
21041343
20492499
20435159
19542232
19951836
19599589
20697323
20827517
21172466
20746486
19550459
19927293
20017406
19722495
21347712
20984066
19689733
21082376
20361482
19517709
20796120
21224837
20820258
21401893
21147943
19779882
19324296
20443454
20197700
21377374
20844895
20771170
20091240
19812713
20549996
19911021
21115256
20722045
21410184
20959980
19804560
21270929
20205972
19493274
21287325
19862256
19582363
20517309
21426624
21025225
21115347
19730900
20730329
19874554
21393886
20763109
21107179
20464381
20533747
21107189
21279223
20460024
19804673
21099014
20009481
20386320
19286969
19591703
19403291
19370529
19853858
21414946
20337200
20165169
21172795
20820540
20116036
20238928
21361233
20058706
20574815
20705895
19362408
20197995
19894901
20820607
20722304
20542083
19731081
20959886
20550293
19403420
20648605
19321505
20992675
19739330
19469008
19747540
20697816
21353179
20886243
21320420
19706604
19952368
21361399
19886844
20361986
20230919
19460873
19845898
20329228
20976406
19731229
19559205
20304696
20755258
19845963
21058394
21328740
20878183
20444010
20263787
20329332
20370297
19829626
21091197
20165505
21245419
20624260
20362132
19813272
20812698
20935584
19826843
21042084
19608485
20845480
19854254
19755973
20157382
19436489
20239312
20763615
19944419
20976612
20616171
20329455
21197809
21304311
21271545
20550652
19698698
20362254
19764245
20534299
20558879
20534309
20083751
20755498
20960306
20812852
21050431
21165131
21345358
20075614
20411492
20092010
19354733
20075632
20829302
21271674
20255870
20747392
19772552
20272267
21279886
20608156
20206750
20264095
21317830
20894887
20812976
20911293
19813566
19453121
20591811
20493516
20969677
20788438
19559641
19657956
20100337
20059378
20550906
19567872
19305733
20616454
21361537
19584266
19854606
21411103
21255486
19354945
20288835
20223318
19846487
20804958
20854111
19707234
20018540
21263727
20673910
20403092
21247355
19928451
20338053
20936074
20845464
20256151
19574341
20084165
19355080
21091790
21009879
20249378
20624875
21132786
20731379
19867904
21394961
20370967
20690460
19461661
21075487
20944418
20092453
19486250
21329459
20043318
20895290
19297852
19633726
20428352
19355206
19641932
20682319
20551251
19936858
20971109
20895330
21370470
20434536
20780663
19674749
20117119
20133505
19502725
19338888
20084362
20299374
21214870
20313756
20387485
20887199
19789475
21411494
21329581
20346555
20502207
20756162
20772561
20993759
20428513
20797172
19814144
20838168
19404576
21206827
19552054
20092732
19552066
21264199
19642189
19740496
20805458
21362528
20207466
19961707
20813683
19347319
20526977
20977538
19609480
20232073
21315223
21198736
20125588
20862875
19609506
19977201
20092850
21236041
20469700
19970002
21002196
20559848
21387246
20461551
20985842
21133299
20396022
19642362
19552257
19470340
21375443
21290669
21018641
21193732
20052000
20969505
20569777
19494953
19494955
19617845
20568120
19355709
20199486
20305983
19503175
20142153
19451575
19535950
20011091
20748383
19478625
20600936
21354610
20437116
21092477
21035143
20187501
19953811
20306073
19814582
20289724
21330112
19708097
20699331
20494532
21285238
21144610
20328141
20207833
20994266
20478174
19699937
19413219
21092585
20702247
19552492
21379310
20568308
20044025
19888383
19454208
19577106
21084439
21342718
20420899
20289830
19847466
19446060
19495215
20248880
21190961
20781364
19691837
19503423
20625728
21281096
19880265
21158218
19888461
21018965
20232537
21174619
20814174
20941730
20273506
19888484
20978024
19741036
20724082
19642743
20797816
20248957
19593601
20322693
20445581
20838810
20347293
19915845
20011431
20765106
20887989
20617655
19986876
20765119
19577280
19962316
19667413
20117982
19503592
20552103
19380721
21019122
19683828
19487227
19560959
20920834
20781582
20470287
21349273
20666899
21174804
19773975
20360964
20986405
21158439
21401351
19760221
21051396
21060164
21133893
20437575
19610039
19692110
19353357
20929110
20544093
20257382
19561065
20052591
20159089
21052030
20732543
19560896
21363333
20069005
21322385
21412503
20036251
21400007
20290222
19659439
20716216
20372154
20814524
20536001
21379778
19684038
21424588
20069069
20814550
20028120
19708634
20806364
20085471
20880096
20544226
21117669
19618535
20740841
21289709
20331246
19602163
20927614
19995390
21043967
21185664
20183814
20134670
20118287
19626770
21068563
20708120
19730223
20347680
20077346
21306150
21060392
20331310
21296264
20699965
20732740
20241222
20036426
21257036
20685968
19643245
20568943
19979123
21224311
19618694
19988289
19831692
20921232
19520401
21339972
20945822
19930034
19831284
20208571
20978625
20954050
19930056
19749842
21027799
20741083
21240805
19463143
20164434
20924926
21421046
20273663
20986879
20924840
19790870
21036055
21150747
21290016
20511781
21019686
19315758
20339763
21412917
20929590
21404735
20167744
19291213
20937811
21360484
20164453
19577957
20626534
19496047
21355637
19512438
19946632
19577993
20749477
19373223
20233394
21260914
19922106
21347515
20123509
20208832
20741326
20446416
21142740
19438809
21167331
19307761
20552956
20602125
20970770
20725018
19660060
20651294
21077335
20233519
19897652
20249910
19602746
19610939
21077310
19848511
21019968
21396809
19987789
20421970
19414357
19357015
19381603
20520292
19529073
20127635
19938682
20258175
19832192
21167489
20479365
19348870
19783048
20307340
20422034
21364121
20381084
20913574
20780274
20848048
20405683
19931038
20708793
20610491
20282833
20798030
19496408
20889051
20749795
20626916
20307431
19832297
20667882
19627501
20798960
20413939
21134837
20459433
19652104
20962827
19299852
19766798
21298703
19971600
21298706
20758038
19668504
19676702
20266527
19390011
19955260
20520511
20799046
20201034
21225040
19570267
20897372
20790879
20946533
19832430
21243198
21421691
20184701
19619465
20020885
20790935
20897439
20962977
20864679
19758765
20258479
21110449
21069769
20569789
19676870
20094669
21233370
21298909
19742434
20414180
20553448
19701490
21020407
19668737
20201218
19324675
20569875
20807447
19857181
19300127
21069600
20619045
20307764
20987713
19447618
20586308
20864837
20717383
20291405
19546084
20430684
19783519
21380961
21012324
20561769
20750187
19980148
21184373
21372790
21372793
19447679
21233536
21069703
20463507
21307284
20258798
20692887
20184984
20463518
20889505
20750251
21397430
21012408
19840954
19955655
20660168
21077961
20266960
20713464
20324311
20275172
20864999
20250600
20324334
19472369
21179049
21168121
21331965
20144127
