11329547
11730956
12320786
12361748
11108376
12414981
12017703
12836915
11898889
11321404
11378749
12566591
12828736
11853889
11870274
12329027
11329605
12410961
11542610
12640339
11247700
11960407
12206168
12665568
12173409
10944610
10887269
12279921
11993213
11763838
10887295
11083904
12288132
11182215
12574856
11493513
11591819
11591821
11698320
11730968
12468375
12001441
11763879
11829424
12239038
12853448
10723529
10887378
11690209
11501795
12157159
11321586
12435699
11264250
11362556
12557279
11518215
11583758
12796177
12296466
11108632
11477285
12828966
11018535
11591984
12804410
12452158
12796223
12370240
11469137
11067733
12448987
10813785
12756367
12775482
11247973
11395433
10953076
12288382
12296579
11649416
11256202
12001686
10723735
12774128
11313570
11362725
11239846
11043243
11043250
11723191
12165567
10871241
12214731
11231695
11428304
11559377
12214738
11379161
10715615
12222946
10838500
12730854
12034537
12042741
10715639
11403781
12444169
12116503
12444185
11321889
12313127
11829804
11469357
11158065
11641406
12436037
11027016
12329551
12173905
12821082
11674208
10830440
12157562
12550785
12083851
12788364
12395157
12681878
11043479
11174555
12239526
10961575
11682473
11059882
11461292
10871469
11674297
12387019
12018387
12182231
12444376
12493529
11363040
11100901
10846951
10740461
12165871
12451966
10781434
10912521
10781455
12190483
12370725
11240231
10724136
12820615
12002096
11854641
11158336
11846472
11928395
11060049
12731218
11469656
10863449
10716002
12689553
11527029
12305272
12469115
11780988
11297661
11207550
12641159
12788621
10716048
11895697
10970004
10871701
11142042
12608411
11486121
12559275
12772269
11592624
11707323
11477951
11690944
11609590
10950614
11830237
12755936
12681383
10789875
12059638
11568126
10912768
11060225
12499798
12190727
11490725
11871244
11912208
12493842
11887636
11346980
10765830
11699241
11494443
12043309
11609136
11682867
12100664
12649537
11625539
11609163
11674700
11527253
10880092
11789408
10880104
12338284
10757231
11437168
11510902
10953847
11535480
12616825
12715132
12518535
11822217
11134090
12706955
12485774
12521667
11281557
12666006
11076765
11412638
11546822
11429031
11773098
11052203
11912364
11330735
12109006
11674834
12338388
11977948
10896608
11511010
10887883
11814122
11707627
12518639
12330227
10921204
12715253
11609334
11265282
11617544
11674891
12756239
11027729
12789012
11805982
11019557
12813606
11019564
11488136
11019570
12371254
11093307
11183437
12019024
12379474
11576660
11437398
11240797
10749279
12019046
11068784
12772724
11584889
12428670
12707202
12707210
12076431
11502994
10888601
11781535
11904422
11632882
11011502
12269129
11994562
12281293
11052501
11666905
11601371
11463589
11666917
12166632
12050684
11519471
12322290
12647612
12461557
12445174
12314103
11101691
12273149
11601408
12273156
10962438
12445200
12363281
11506291
12166686
11494948
11503146
11707947
11134510
11699765
11617846
12387896
12076602
11781694
11331136
11028053
11085398
10872408
11839065
12641884
12756574
10782303
11044448
10946147
11470441
11560554
11896430
11126387
11986549
12256886
12199544
12633727
12191368
11960600
12355220
12371611
12161247
11118256
12224182
12306104
12560061
12142276
12003018
11506843
11609813
12314329
12150494
12166880
12814049
11998843
12109546
12797676
11658989
12019442
12707571
12437246
12601091
10774278
12183306
12388108
12298002
12011287
12045275
11216689
11052853
11487031
12172255
11880262
10987343
11380561
12060502
11052889
12199771
12134243
10790758
12298088
12052330
11970413
12625777
10774386
11921270
11470713
11847554
11421587
10823578
12208030
12339105
12322725
11585454
10913719
12527552
11233219
11634634
11364301
12847056
12822482
12437460
12224471
12773338
12232672
11053036
12658674
11831284
10782715
11913212
11831293
11552766
10782721
10897415
10971149
11520028
11716646
12281896
11061293
10766390
11872311
11978811
11782208
11978824
11397194
11855949
12568654
12671637
12462166
10815578
12419429
12536849
11298920
11233400
12249210
12519548
11241597
10971283
12601492
12579183
10815644
11593888
10741925
12783985
11864233
12265642
11643051
11864239
11438257
11176115
11905206
12715722
12609728
12675267
10774731
12724430
12527830
11970775
12037156
11331802
12593371
11792762
10848481
11004131
12077288
10823917
12036334
10873075
12232949
10905851
11561214
12273923
12626181
12249367
11284868
11110682
12224796
12323101
10791199
11905329
12642612
11314910
11118903
10823997
11356478
11241797
11577673
12044619
11938129
11053395
10799447
11987289
12151134
11823469
12298606
11331958
11463042
11250059
11364759
12315036
11520417
11463091
11061685
12741054
12364226
11553223
11381193
12413392
12364245
10725851
12044768
12159458
12083622
11004392
12110327
12773881
10742273
11258376
10881553
10930706
11512346
10807837
11864614
12225086
12831300
12569159
10782476
11545169
11864658
12610131
12760847
12747488
11192935
11045486
11520626
11381365
11635318
12303466
11389581
12389007
11430544
12749465
10914462
10996383
11266734
11193013
10988215
12503758
11356882
12012256
12566992
10971882
11250411
12430060
12593904
12709849
10914552
12004089
12798728
10865423
12749587
11471636
11373336
12856094
11111203
11627304
11242285
12430143
11922243
11004747
11144029
12692319
10718057
12086138
11012994
11537288
12650933
12751341
12749721
10906523
11037596
12086178
12602276
11471781
11168684
11930544
12405684
12389302
11660215
12463036
11963328
10734541
12422102
12217304
11070427
12078044
11086816
12159972
11135974
11783145
12184560
11440640
12037124
10778454
11987981
12217359
12012560
12504081
11122521
11996185
11570212
10718253
12536881
12209205
12243465
12815418
12512317
12348482
12831811
12160070
11070541
10832974
12184665
11660378
12356699
12242012
11701343
11629072
10923113
11349102
11700021
12045436
11938941
12736364
11029642
11168909
12733585
11455642
12446876
11021493
12094650
10718395
11291842
11332803
12463305
11709642
12684497
12102869
11947226
12242140
11431139
11480295
12775061
10775796
10956022
11900799
12209406
12758274
12553480
11889931
11037974
11808023
12274978
12848421
12750120
10964267
12438833
11267381
12275009
11840835
12037454
11627855
12086615
11349341
11070818
11767151
12804670
11406710
12799355
10726787
10997124
12406154
11361517
11464083
12758421
12137028
11095454
12848547
11636139
12242349
11406777
11898299
11759041
12758473
11546064
12365270
12766684
11111907
11505127
12750323
11619830
12488183
12021242
10841597
11267583
11341321
11824650
11939348
11578903
12267038
11406880
12037668
12480037
12021297
12234302
12611147
12176973
11390542
12270698
11300440
12734043
11112038
12551392
12275312
12815995
11783805
10841726
12816000
12660353
12095114
11611788
12340880
11984152
12048323
12095125
12496536
11505308
10759840
12447393
12627618
12267174
11292330
12807851
11006579
10956477
12414658
11800259
11718343
12414664
12570314
11914957
11931344
11275985
11177683
11062997
12709601
11030243
12018379
11155409
11833073
11652857
10907397
12635914
12144410
12398366
10891041
11579175
11980585
11341610
11988781
11726640
12455729
11308852
12783414
11202364
11824959
11120470
12283736
11382619
11022173
12332896
11751272
12685162
12611438
12701553
11816819
10923899
10850172
11284353
11816834
12824454
12455818
11710350
12029845
12341147
10915743
11308966
10825641
12054448
12767155
11448245
10801080
11448258
11300812
11844942
12627929
12822523
10830502
12431338
12177387
12021744
11334313
12513272
11964411
10915836
12513280
11063297
11644930
11735045
10915846
11129516
11284491
11718679
12578841
11071519
11341861
12390439
11276334
10817585
12267574
12111927
12521530
11669569
12644427
11227213
12750926
11046991
10973264
11604053
11841625
12791898
11366497
12655339
10989680
11227254
11522167
11178108
11989117
11448450
11235465
11915403
11227279
12832912
12103834
12832923
11448479
12013729
12226725
11530412
11784366
11661487
11694271
12030144
10883267
11620549
11530438
12800203
10776780
11759822
12349648
11071698
11948243
10817752
11595993
12546266
10940638
12021983
10940641
12325093
12079335
10973419
12824813
11538672
11686135
12661460
11899131
11784446
12038400
12415246
12095761
12513556
11489559
12824861
11120927
11604256
12316961
11292962
12472611
10744111
11555121
12212276
12611904
10769120
11030850
10774582
11456848
11309393
10727765
12497241
11825500
10994405
12480872
11014508
11522414
10826095
11161969
10760562
11530618
11800957
12194180
11284880
12847388
12005791
11047330
11186598
11981225
12005804
11145648
11309492
11637205
11317719
11162072
10965465
11465182
12030438
10981866
11923947
12169708
12562925
12825087
11710976
10973700
12276230
11391496
11629065
11104784
10826261
12448285
10891818
12128821
11285046
12306527
11776572
12071486
11588164
10990154
11760206
11121231
11956816
12169815
12325473
11547234
11612776
11391603
12186230
11195002
12210816
12292741
12654700
10973836
10998419
12137112
12178076
11440801
12587684
11735721
10777260
10777264
11932357
11506380
11064013
12505807
11449043
10859220
12358360
12038879
11825888
11031265
12448488
12251886
11031279
12661488
11064049
12604160
10859271
12342026
12481291
10818321
12833554
11875092
11137813
12538669
12759861
11989818
12596034
12768068
12096330
11768653
11252558
12619235
11465562
10965818
11563876
12260198
12555121
10965874
11252595
12071800
12063609
11055998
11121536
12669831
12563337
12531864
12088211
11457430
10818460
11695007
11031458
12581019
12841898
11858872
12260283
12825551
11244500
12006358
11711447
11511973
12588000
11015140
12800997
11875302
11666257
12522472
12317677
11664893
12432370
12080120
12357119
12306602
12178430
11531268
10720264
11695119
11097104
12002136
10810387
10859543
11121690
11555873
11818020
12031013
12719148
12162094
11441201
11080754
10777651
11949114
11793472
12366913
10925122
10736715
11539536
11187285
10941526
12735575
11809894
12432494
12727410
12244093
12203135
12717591
10900623
12833941
11400343
11515035
11785374
11711659
12301489
11623985
11089081
10892475
11990208
12347595
12588243
12358875
11244765
12309734
12137703
11138284
12162285
10974447
11441406
12203267
12399877
11498758
10827023
10884374
12375321
11695397
10966310
11722289
12743977
10925357
10851633
12203317
12825910
12285240
11162941
12301631
11507013
11081030
10966352
11654482
11867481
11572570
12301664
12285286
11711848
11957611
12277116
11690901
12759958
12146054
11040138
10982795
11097484
11564430
12634349
12244368
11105682
12645780
12375445
10859930
11392418
12383653
12096934
12129706
12137903
12277169
11957682
11507123
11179446
10745284
12350919
10786253
11064783
10802643
12744162
11957747
12752377
11318789
12736006
12023306
11720203
11405571
11318815
11359777
11834916
12146214
12703281
11851316
12531260
11925059
11933256
11458121
11859534
12564074
12260976
12531316
12092351
11998856
12668525
11794069
10827423
11507360
11441833
11294392
10835656
11237065
12629716
11441877
11335383
10884830
10868449
11548390
12433128
12695276
11818746
11810556
12474109
12310271
12801794
11925253
11966223
12261149
12826401
12605227
12796893
10786613
12531513
11151671
12121934
10901334
12228440
12137444
11908957
11704159
12400484
12736362
11188075
11843436
12449650
11515771
11409278
11914901
11499398
12531592
11646857
12752778
11278222
11958163
10909593
12031920
11938121
11401145
11401149
12744639
11136672
12061003
11515848
11147210
11769809
12842963
11278294
10909655
11253725
12424167
12589057
11008005
12367894
12564507
11073570
11532323
12105764
11679786
11991089
11177651
10926132
12843061
12261431
12138560
11253838
11147350
11507800
11147368
12793962
10860652
12810351
11769978
12392575
10934410
11073683
11491480
12130671
11589793
12310693
11548839
11630761
12499314
12602217
11057330
12023987
11540664
12204225
11884741
12163277
12605646
10737881
10811612
10877149
12466400
11270371
12624587
12097784
12065019
11614476
12669998
11450646
11327770
11024670
11827487
12805168
11450659
11852075
11671853
11974967
12384571
11499838
11786560
12458305
10848651
12663117
11024732
12794206
10926431
10738028
10795375
12376432
11893106
10762612
11450745
12671357
10869121
12351875
12786058
12458398
11942317
11246004
11704758
11246008
11065789
10844606
12646855
11246029
11860435
12212693
11917785
12130781
11352556
12671469
12442094
10828273
10992117
11057659
11310603
12122634
11000331
12524044
12360206
12843535
11508246
12827162
11303451
11844128
11041315
12007972
11459114
12286510
12163647
12384836
12311109
10787398
11516491
10869325
11074136
12278366
12851807
11246176
12851814
11360881
11688562
11672184
11786901
12376735
12294816
11418273
11868841
11625127
11311790
11139764
10787512
12729024
10803907
11745993
12303057
11090644
11746009
12049123
12491495
11320043
12630773
11287286
12409591
11844346
12499711
12548866
11041542
11008780
12540690
12032790
11033370
12147488
11442989
12270384
12008246
11246394
11287371
11967315
10828629
12041046
10992476
12569506
12614501
12843879
12737387
11901806
11033455
11749864
12491636
11950974
12731541
12532608
11778947
12761992
10754957
11033486
12687854
11967385
11869091
11492269
12377017
11525053
12753854
12261877
11606977
12434372
10902469
12139466
12295123
12606423
12409823
12753890
11803634
12344307
11379882
12114943
12516352
11508742
11336719
12270616
11557916
12311582
12709725
12172338
12033084
12810762
10878028
12172369
10730578
11131993
11271261
12689253
12491872
12369002
11680877
12745839
10899304
12328058
12393596
12475518
11662528
10853515
12426386
12775278
12844182
12360859
11971098
10869921
12639398
11672747
12008636
11844798
12410050
12762322
11435897
11910360
11853028
12066029
12672242
11099382
12123384
12319995
11500798
11017471
11468039
12328202
12139795
12049688
10886425
10902810
12393755
11091235
11812139
12148026
12090684
12377407
11156801
11459906
11795788
10820942
11320661
11279707
11107676
11740390
12268775
12082549
11156855
12262786
11007215
11525533
11606597
12832667
11402678
11697595
12393917
12705222
12705227
11214285
12541392
10821075
12139988
12645088
10993119
12189153
10837486
11304433
10812916
12262691
10935805
11238911
11189769
11822338
10870286
11492885
11509270
11132439
11005872
10903078
12770859
11460141
11230767
12426801
11435588
12631621
10796617
10878539
10919505
11419218
11181653
11968086
10755671
11009626
11771491
12246628
11001448
12118631
11509356
11066990
12344943
10919537
10845825
10923970
11435665
11902610
11640467
10878615
11288220
11599517
11460254
12025505
11493028
10788520
11910825
12222124
12361389
11763381
10935995
11247312
12230364
12811998
12082912
11362017
12493157
12148457
11829001
12017624
11239190
11288343
12730143
12082995
11403063
11943739
11493183
12115780
10714952
10821463
11591516
10862437
12107623
11181941
11837305
12499605
12017536
11329418
11648907
10903438
11698064
10977175
11599771
10862493
11403174
11231143
12722089
11206574
12369846
12713927
10829768
11673546
10985422
11543885
12468182
12247000
11132889
12492770
10928099
12271612
