9981953
8613893
9478152
9435145
9445387
9863181
9902096
9583338
8802326
9750873
9893618
8689691
8943645
9033758
9172997
9658400
9355611
9381924
8689701
9179175
9343018
9696263
8681519
8673330
9506868
9787445
8591414
8673335
8900664
9852987
9685052
8872000
9584706
9866955
9285985
9021512
8671305
9191504
8654929
9613394
9511929
8980565
9263190
8974425
9097306
9617505
9506914
9560163
9273447
8824937
9465962
9381995
9756781
9937006
9853629
9446916
9390193
9212018
9660533
9650537
9281662
8947839
8939649
8591490
9296003
9344374
8685702
9379975
9084268
9191566
8636560
9975953
9136275
8878230
9307161
9644846
8745115
8704158
9463970
9768987
9265317
8691881
9343146
9474759
9941769
9681266
9754798
9836719
9435312
9189554
9323891
8593591
9971743
9533628
9835589
9858421
9074881
8591554
9298115
9193668
9033925
8935623
8575178
9171149
9525504
9001167
8982736
9257170
9184291
9622342
9007318
8958169
9887962
8941787
8745181
8712414
8747233
9703651
9697509
8622310
9484519
9900266
9836779
9818835
8759540
8796405
8857846
9920759
8913145
9240826
9160956
9204778
9339136
9115905
9806082
8922155
9572617
9476363
9908220
9185551
8986897
9336468
9445763
8896789
8648982
9623833
8892698
9940477
8859935
8786215
9814793
8771634
8583470
8630576
9001266
8851764
8673589
9650488
8581433
9247815
9761083
8642877
8841534
9517375
9267521
8999234
8882499
8577349
9523658
9982280
9541961
9470282
9738572
9714379
8989007
9001016
9251155
9779541
9204057
8995162
8714587
9931103
8765793
9007463
9634153
8888683
9740652
9044333
9941360
9402738
9777523
9052534
9384315
9116028
9224573
9542015
9736256
8585603
9896326
8736174
9374088
9603820
9716106
9099661
9652622
9584365
9062800
9278532
8839578
8733083
9884058
9445791
9390507
9888838
9109928
8700329
8685995
9409266
9939374
9048499
8797598
8804791
9675167
9480102
8839616
9542082
9192523
8729028
8833480
8767945
9187786
9841566
9109965
8632782
9560527
9662928
9380306
9869780
8946133
8616407
8759769
9290202
9253626
9927136
9437264
9634277
9947624
8801020
9942439
9916156
9367179
9906600
9486834
9955828
9755126
9021865
9487529
9159162
9869220
8638972
8882686
9052245
8708523
9727237
9654789
9130505
9339402
9617931
9345548
9247245
8950287
9216532
8700437
9202198
9019929
9112090
9388571
8745500
9334874
9153627
8747556
8729125
8876582
9869863
9121593
9897053
9087536
9463560
8978994
8733235
9308727
9157176
8698427
9515580
8874557
9934263
9183669
9441857
9312834
9582348
9112139
9946258
9355857
9615467
8585812
8692309
9161828
8952411
9641402
9153118
9432635
9949794
9284196
8577809
9585256
8675947
9510520
9349742
8843890
9813099
9394804
9073269
9595510
9089655
9621268
9075323
9179772
9026666
9194261
9593473
9708162
8917635
9821052
8954501
9249414
9665214
8845962
9249420
9278094
9820611
8753812
8723098
9214621
8800926
8673952
8950435
9624841
8592037
9937574
8585895
8831656
9853610
9747115
8895150
9179933
9312944
9417160
8948407
8835773
9472702
9250592
9528004
8776390
8880839
9654984
9458379
9161424
9370321
8788690
9517779
9147092
9081557
9943766
9022168
9265883
9161436
8631007
9945577
9810658
8760036
8727292
8671976
8696554
8604395
8927980
9777135
9034481
8807154
9530835
9552630
9235192
8641274
8626940
9179901
9745151
9644800
9118466
9329415
8928009
9750580
8710927
8772369
9141013
9032471
9190168
8753947
9127386
9414789
8905506
9431414
8891174
8913703
9712424
9763627
9444142
8913711
9798450
9147187
9865080
9400522
8885050
9908193
9095998
8985408
8745794
9503225
9450310
8848201
9661121
9790284
9755789
9014096
9856824
9456466
9786195
9702228
8913750
8706903
9700184
9706330
9558842
8962911
9538401
8581987
9612774
9034654
8754023
8747880
8872813
9507696
8577907
9300822
9218878
8883063
8573816
8792953
8960890
9132924
8792957
9923455
8770432
9472897
9542530
9034627
9314454
9678149
9797540
9124745
9120650
9198477
9894534
8938383
9632579
9161621
8893335
9976728
8720196
9124764
8743838
9796512
9272225
8993699
9121606
9283057
8790953
8682411
9573292
9128877
9444270
9995763
9092020
8659102
9409464
8997818
9601981
9032638
8782783
9239492
9647045
9786514
9055175
9106376
9257463
8661966
9561039
9556944
8696785
9228606
9901012
9862990
9717351
8879609
9032664
9955367
8838108
8736250
8928222
9061344
9516392
9280484
9163752
8907754
9006062
9255919
8928244
9116661
9980918
9341943
8653817
9451873
9100286
9520127
9851904
9513985
9634818
8848387
8770390
9280518
9330177
8723287
8954894
9892879
8631312
9902595
9618278
9141273
9341978
9808923
9862872
9875290
8848416
9387041
9149475
9584134
9540648
9135146
8721451
9489453
8844334
9362481
9866290
9344051
9536566
8860727
9251896
9411641
9413691
8766525
9727038
9440320
8809539
8924228
8987717
9356358
8922183
8582216
9143369
9104458
8868023
8967244
9512013
9987152
8944721
8803411
9891001
9881497
8816484
8995343
9849948
8987741
9550942
9727071
9883371
8907875
8574052
9233254
8707174
9020945
8680554
8957799
8645741
8625262
9718897
8838262
9616503
9904021
8600698
9667710
9665663
9581115
9211010
9604228
9337366
9913478
9555951
9847947
9180301
9964717
9295103
9528466
9637011
9964694
8574104
9907396
9870491
9133548
8998050
9063587
9243812
9219241
9352391
9565357
9116849
9829555
9252020
8922295
9643925
9815225
9992702
8729789
9726837
9232842
8651972
8686791
9682756
9427950
8649930
8572107
9214225
8633549
9942418
9110733
8879312
8881361
9673251
8801493
9168086
8987863
8772824
9688271
9725420
8621278
9729249
9401570
9957243
9546475
8991976
9804668
9585899
9599186
9650779
9948963
8600821
9004585
9415928
9258233
9665786
9987323
9872519
9008381
9043157
9927553
8879361
9098498
9796867
9760004
9262341
9626886
9788025
9738515
9479433
9415336
8867084
8969488
9755924
9484505
9819416
9985306
9651839
9052945
8813855
9376304
8910116
8690982
9291048
9473321
9939847
8949042
9033013
9403335
8633655
9624888
9936228
9745290
9880894
9844033
8910148
8592709
8650055
9114955
9661773
9833016
9620818
9629013
9659735
9171471
9948506
9170270
8672609
9131362
9244003
9440612
9082213
9260390
9375079
8676712
9885033
8899948
9304637
9080176
8922344
9045362
8822131
9667186
8822174
9000311
8945017
8772986
9620859
9481596
9637612
9182590
9153919
8766849
9278854
9231754
9502091
9401742
9673965
9508242
8998291
9289109
9674134
9868185
9422235
8795549
8981918
9647519
8807840
9954544
9076130
9504166
9391527
9340331
8932782
8940975
9806989
9229746
9127348
8730037
9746561
9190840
9885940
9136446
9706939
9792956
9274813
8990143
9426368
9977419
9543108
8955334
9857953
9821641
9305761
9709006
8922019
8588756
9184726
8863192
9228196
8742362
9583377
9137629
9442782
9197023
9770467
9162662
9596390
9655733
9135594
8650220
9762285
9475566
9131503
9459398
9225713
9629267
9773993
8658424
8921684
8836602
9215231
9100796
9797546
9327189
9840128
9145857
9957291
9059844
8601094
9760001
9847204
8971786
8597004
8803857
9025043
8621588
9440789
9696790
9763417
8750617
8586778
8719900
9537114
9297157
9975328
9828153
8996387
9295397
9958950
8721961
9195051
9461293
9182766
9117231
9972436
9996894
9500215
8689209
8769083
9244221
9459264
9458410
9700932
9436741
8659739
9277001
9281170
9225803
9426508
8640077
9772623
9066064
9426513
9869749
8642131
9416278
9178711
9448611
9920093
9354848
9031266
9614948
9227877
8726118
9005329
9475688
9983932
9240170
8887915
9617004
8986221
9995886
9498223
9453170
8662643
8932981
9035384
9960345
8896126
9076351
9465472
9295489
9815686
9940264
9721262
9354891
9461389
9068174
8656528
9166482
8977880
8664725
9896217
9404438
9193115
8793757
8580766
9580191
9176737
9509937
9438887
8937128
9889052
9350087
9646706
8609454
8758959
9271240
8636082
8853173
9109791
9258613
9168346
9574179
9350908
9029318
9680161
9033319
9467597
8791758
9426641
9684691
9006806
9062103
9180888
8768804
9391839
8699621
9219816
9476732
9263399
9121516
9490157
9873013
9793265
9457793
9850611
9952894
9512233
8818424
9617145
8871674
8896251
9250556
8716030
9467647
9817857
9123586
9703171
9150213
9408264
9684746
8580876
9021197
9096152
9702892
9365267
9523989
9724206
8793878
9826266
9037600
8697633
9260835
8591141
9381674
8847148
9580333
8654639
8814384
9080625
9584434
8806195
9314100
9073630
8812343
9501689
8668985
9619258
9709687
8802109
9338686
8877888
9942849
9031491
8709956
9090886
9250631
9962625
9835831
8771406
9690962
9908052
8626006
8619865
9764698
9068379
9970400
8611679
9690976
9957008
9570842
9398115
8714084
8650598
8912743
9705321
9037674
9142124
8744813
9574717
9517309
9832308
8820597
9353078
9795448
9046676
9574267
8650620
8769405
9959296
9818510
9678724
9473187
8874634
9601345
9547756
9157646
9793858
9977744
9842577
9809812
9369582
9429065
9523095
9774404
8814575
9011102
8663365
9682587
8751012
9541541
8968102
9705383
9506730
9514237
9738157
9197213
9203634
8685491
9638175
8904630
9078712
9846713
8939452
9237493
9226177
8853443
9220036
9172935
8900552
8714185
9940193
9568205
8779728
8962001
8782499
9121751
9523450
9595601
9541595
9318364
9487852
9887711
9897952
9820129
9873379
9658340
9115621
8763369
9484266
8959980
9316334
9000943
9160991
8806385
9940978
9484275
9969654
8978424
9435129
9285312
