15316993
15271938
15358635
15034373
14608398
14643218
15429651
14620693
15525910
15689751
15018009
14350363
14807070
14940191
15359157
15192098
15697953
15052839
15585778
14755883
14917676
14772269
14647345
14499890
15581235
14704694
14506039
15519801
14610492
14293054
15481160
15441248
14479427
14739524
14831686
15040583
14995127
14782818
14782543
15605814
15179448
14565458
15616188
15685884
15077463
14917721
15497306
15048937
15712954
14514270
15316325
14291040
14733409
15079528
14444652
14790765
14489711
15459339
15660789
15634550
14340218
15132795
14614653
15231104
15423617
15085698
14753923
15665284
14485637
14864519
14325897
14809228
15093948
14866311
14407829
14311575
15536280
15362202
15046416
15495007
15130651
14512295
14413992
15239337
15228615
14846126
14939165
14907569
15082867
15235252
14917814
14969015
14660639
14633148
15674951
14325952
14903489
15345859
15583428
15542708
14858438
15562951
14287051
15157454
15374546
15278292
15171797
15175896
14387418
15184092
15347066
14661854
14385375
14403808
14463201
15525149
14801123
14917860
14934248
14899433
15462634
14543085
14334191
14342385
14341843
14340341
14594294
14786809
14657786
15503743
14950652
15364351
15638375
15237378
14819588
14805253
14663944
14635274
15315997
15065358
14715153
14336274
15479059
15678852
15311130
14557467
14489884
15456541
14866723
14422308
15057190
14440744
15637212
14605703
14489900
14774322
14759645
15565526
14883208
14905651
15620404
15345974
14926217
15251349
14868793
15477813
14313793
14489922
15177782
15425864
14451019
15135056
15297592
14995794
14815571
15676041
14700885
15164196
14588248
15362397
15022430
14510480
14340450
14426468
14913893
14880487
15329644
15192430
15688047
15563496
15065459
14629236
14814612
14854522
14557563
14797181
14639486
14896533
15192095
15034755
14841223
14502277
15393685
14485896
14870921
15396813
14326156
15575438
14578064
14354840
14420370
15548483
14844308
14479768
15282586
15513327
15372700
15389086
15333791
15229346
15034790
15345393
14670248
14383529
14666154
15694251
15151536
14854577
15694579
15266228
14567861
14664119
15460793
15268282
15006139
14522812
15198654
15595253
14807488
15247809
15409602
14934585
14703047
15063496
15228031
15643539
15593933
14711246
14692816
15380945
14684627
15110803
15651287
14350808
14488026
15403485
15012319
15069665
15647017
14993897
15215083
15700050
15627454
14543345
14672370
15231475
14434804
14649845
15419253
15008252
14528938
14361091
15514124
15026703
15088144
14907921
14361109
14782998
14582297
15166112
15501853
15602206
14361691
14805544
15247111
15658077
14475824
14874376
15270451
14367287
15041080
14817849
14690875
14828092
14887485
14674494
15002175
14826048
14544992
15345419
15557188
14790753
14451272
14553673
15596769
14307916
14379602
15141459
15229525
15153750
15643065
15231578
15696558
15372893
14733918
14797407
14413584
15674811
15446629
15580749
14828135
14893675
15114860
15374957
14643823
14701168
15266417
15512180
15549045
14467702
14740585
15477701
15630783
14379645
15401598
14426753
14529154
14684803
15278725
14787209
14824074
15651467
15037068
14359183
14930577
15067794
14635667
14957206
14979735
15123096
15123098
14363291
14635680
14635681
15450787
14654116
15067813
15415974
14678695
14344874
14774955
15162028
15628973
14903982
15102749
15206856
15153842
15542967
15528577
15033018
15474463
14566079
14414529
15270594
14650051
14482121
15649482
15026891
14658253
14293712
15035090
15323860
14862798
14633686
15489752
14330585
15200489
15104732
15263866
14500574
14371280
15460475
14510820
15518161
14656232
14881515
15571694
15116413
14490353
14789362
15355347
14539510
15405816
15381242
14803707
14693118
15076583
15477107
15705820
15336197
15321862
14377735
14758664
15090442
14740237
14433038
15503491
15516436
14555933
14363428
15141670
14998311
15422249
14912989
14785330
15227017
15115067
15192892
15490186
14693182
14687040
14730049
15356741
14596935
15385416
15430473
15045450
15598412
15315795
15475540
15126751
15393623
14689113
14938970
14324572
14721886
14861151
14707552
14921096
14759336
14527332
15309669
14986087
15489234
14482281
15436650
14451564
15472445
15702898
14321657
15035253
15055337
14369657
14304122
15381372
14654333
14687102
14723221
14625665
15577480
15413739
14711686
15691585
14439306
15414155
15147916
15327042
14357390
15129487
15219600
15160210
15031187
14562197
14433158
15469211
15342490
15090587
15491998
14791583
15283104
15315875
15172517
15653799
15029393
14564265
14613418
15449003
14756781
14386097
14470071
15436276
15643578
14660542
14623679
15281088
14531521
14306242
14565800
14834629
15033288
14949323
15561890
15596494
15086544
15126008
15258584
14617561
15008703
15135737
15473630
15014880
14846946
14531555
15598567
14734313
15686635
15440876
15236079
14337009
15539186
14406643
14699508
14808053
14715894
15127545
15697270
14900221
14552065
15436669
15670279
14801929
15007575
14662669
15653902
15623184
14851089
15445012
14595093
15379289
15549934
14803996
14928925
15553566
14597151
14976034
15649830
14636072
14971740
15431175
15401845
15037486
14976047
15074352
15672369
15577343
14889822
14912568
15262777
14959455
15324221
14634046
14398645
15167017
15602188
15012938
15077559
14388309
14357591
14783576
14341211
14474332
14396509
14503006
15342437
15499267
15371362
14453860
15436903
15019112
14655676
15424359
15342700
15250541
14562414
15268975
15045744
15544168
15146101
15109240
14335097
14777467
15046449
15344766
14741013
15449216
15010945
15422602
15336587
15474043
14363793
15375630
14795927
14566552
15285401
14905199
14742685
15316914
15578272
14769313
14675106
15346203
14640292
15227078
15393991
14318764
15273133
14873776
15029427
15410356
14656693
15486135
14441656
14628025
15242427
15635644
14560445
14447806
14996671
15418560
15068705
15035593
15447097
15705294
15348943
15422672
15141411
15699381
15369431
14648536
14312671
14877921
15172837
14429415
15301866
14781676
14900461
15133935
15430667
14634225
14304499
15243119
14693929
14314749
14456062
15488256
15359234
15575595
14431492
14394631
15523372
15207690
15412439
15217932
14519565
15336718
15074861
14660824
15156499
15052053
15099158
14845207
15224088
14310681
14824730
14437659
15540914
14819546
15011102
14978336
15699564
14298402
14484773
14705958
15575039
15653177
15004970
14591275
14538029
15509725
14578992
14939441
15451443
15600949
14968122
14879967
15084860
15433022
15277375
14757185
14538050
15651710
14441799
15555058
14736718
14624084
15560022
14842425
15486296
15197531
15687006
14400864
15220066
15215973
15395388
14683499
15514514
15310190
15582575
15111536
15035761
14851442
15033235
14671222
14640503
15067598
15562105
14462330
14685563
15226236
15700202
14599551
15012416
14310788
15054213
15400326
14595463
14751112
15504620
14579083
14755213
15121808
14687633
15021458
15019411
14650772
14450069
15392324
14708124
15117725
15693217
14641775
15476131
15611121
14357928
14937515
15696909
14396846
15100147
14998964
15437726
15089079
14550457
14380474
15240095
14439868
14478782
14435775
15384000
14682016
14486985
14972362
15181047
15097292
14593487
14452177
15706675
15109587
14919124
14329302
15519993
15148505
15400410
15373787
14723322
15524773
15181079
14722668
15437282
15515899
15264346
14357989
15267302
15046120
14695913
14415338
15183340
14562797
15392238
15125999
15499859
15646196
15697150
15189929
14890488
15175252
15093243
14599677
15246616
15356052
14900737
14786051
15339014
14917436
15668386
14435850
15695371
15097357
14712337
15040019
14698005
15642137
14548509
14757406
14409249
14644770
15244836
14579241
15074859
15384108
14446125
14757422
15009373
14863921
14356018
15054771
14987870
14454327
15361592
15136823
14992954
14836319
15444234
15392319
14313024
14401120
15343172
14771781
15568229
14370376
15085129
14740407
15312460
15570509
15654802
15622580
15627859
14820948
14949973
15300196
14808666
14964315
14810717
14321248
15048289
14548580
15553227
14923369
14882411
14415468
15507053
15691375
14354032
15648375
15347345
14980031
14288509
14440064
15445636
15109766
14804615
14669449
15304330
14395019
15429262
14298767
14730896
14624401
15150738
14976663
14759577
14333594
14299759
15238813
15430204
15003300
15284166
14966438
15345321
15626571
15089323
15070894
15279791
15270856
15206864
15449781
15167158
14452407
14982840
15646396
15505354
15375448
15021344
15152834
14902982
14433991
14345929
15695562
14462671
15525496
14347987
15560405
14823127
15204056
15109850
15599324
14515933
15386334
14976293
15111120
15081188
14697766
14384871
15208168
15181546
15594899
15013614
15272573
15326960
14651121
15296245
14956279
14716667
15492861
15150851
14698244
14360327
14446344
15308555
14802700
14640910
14452495
14511888
14477073
15142677
15333142
14747416
15583005
14878495
14909216
15425317
15507239
14587689
15150892
14386991
14944049
15415093
14438198
15264393
15036216
14987065
15021883
14757692
14464829
14993217
15269698
14886724
15421254
15659319
14722897
14716757
14671703
14573401
14301018
14411611
14415711
14528352
14675811
14540645
15128422
14298983
15392616
14411626
15263595
14419821
15124334
14395247
14565235
14903157
15333242
15632627
15325054
15331200
14555011
14708612
15374213
15234950
14471047
14681994
15318712
14704525
15237006
15404943
14776210
14507925
15679382
15550105
14761882
14288795
14720925
14927774
14684064
15652769
14635675
14725031
14524328
14323625
15462314
15298476
14550957
14780337
15118258
14861299
15474567
15091640
15263893
15548346
14460859
15101885
15153089
14403523
15439976
14364614
14346183
14462922
14661581
14417875
15138774
14516217
14428120
14299102
14823393
15026147
15272683
15656938
15548395
14802926
15142907
14823410
15067475
15610365
14325076
15028218
14688255
14287189
