3951732
3117058
3487748
3934550
3352582
4243457
4071432
3469322
3434513
3739667
3002388
3440662
2975767
4073476
3055645
3606254
3999811
3176484
3319845
4209469
3564551
3690542
4270127
3311666
3655731
4253750
3199031
3008574
3289151
4053056
3002433
3338306
2925049
3684422
3697676
3082317
4202831
3377235
3946582
3462841
3024984
3758171
3659869
3575902
3223650
4141156
3242085
4069478
3674216
2893929
3299434
4222063
3035244
4223677
4269442
3906993
3324019
4153461
3045494
3951977
3691597
2916477
2887809
3139714
3631467
3811460
3790981
3772653
3432585
3344407
4259212
3377294
3824211
3408019
4221078
4272280
3139738
3585322
4230851
3661981
3102878
3702469
3678576
3887267
3489956
3846648
3933553
3856555
3745965
3736605
3881136
2903912
3635380
2926773
3899574
3603463
3977404
3413706
3512511
3714763
3109061
3320006
3098824
3195082
3570039
3813580
4105179
3614413
3137746
2986195
3690532
4069845
3795163
3082463
3546491
3340516
3983057
2859241
3508460
3213549
3141872
3606769
3999987
3834037
3442933
4081912
3250425
3117306
3717503
3361020
4186366
2978047
3291395
3754247
3133705
2908428
3162381
3393807
3774738
3815699
3988526
3525337
4096282
3238173
3819807
3750178
3479843
4170027
3008812
4208690
4150279
3098927
2937137
3115314
3461427
3096885
3246391
3899704
2951483
3613749
2986305
4273547
3767692
3287095
2984269
3055950
3850575
3270993
3881863
3813717
3330390
4084793
3729752
3809317
3436943
4215136
3658083
3254630
3585738
3185003
3404406
3066222
3993967
3017072
3820264
4236691
3807647
3588158
3821942
2998647
3717524
3266939
3652434
3154302
3406229
4155777
3555718
3330439
4129160
3748235
4206988
3146126
3045775
3455384
2871698
3062851
3193236
3375509
3441048
3585092
3695002
3850653
2978206
2972063
4020419
3791271
3244456
4016554
3064236
3843247
3133871
4100529
3140019
3824030
3441737
3666362
3795359
3180988
2875837
3991998
3707327
3281347
4153417
3680713
3975626
3164622
3070415
4229585
2970068
3727829
4108393
3187164
4190970
3891680
4124557
3969509
2949607
3274493
3357096
2968052
3688952
3334649
4043259
4033021
3011073
4090372
3929174
3197446
4278017
3895816
3076618
4099159
4000173
3066386
3811075
4205076
3652117
3942936
3574969
3826202
3027483
2996765
2869791
3093024
3086884
3146277
4274726
3576359
3678760
4157995
4263487
4182576
4073793
4147635
3074612
3539514
3637819
3942975
4183936
3246657
3373635
4037189
2939464
2900553
4113307
4187234
4166223
2925139
4094273
3230295
3232346
3037787
3852897
4197819
3109476
3893862
3373671
3666536
2953833
3351148
3015277
3940797
3506801
3299956
4216254
3281526
3932265
3326584
4205177
3230330
3795579
4246140
2914942
2953855
3519105
3830550
3121798
4139658
4117133
3590800
2906769
3840595
3437203
4022541
3097237
3636335
3256989
3005087
3510944
3824289
3768091
3918501
3622001
3919771
3828398
3809968
3486387
4281855
3084982
4027063
3597428
3957435
3689148
3238589
2988734
3816128
3560129
2992835
3609286
3246791
4192969
3912394
4213454
3968803
2988757
3898071
3203801
4005669
3646176
3885794
3961571
3134181
3228390
3508968
3298025
3912426
3868831
3421650
3560174
3486447
3996406
3443450
3252010
3914495
3560192
4203687
4219691
3535620
3488573
3359494
3371137
3580680
3414794
3089163
2992908
3442818
3476240
3310353
3197714
3101459
3013398
4281117
3715870
3412769
3040034
3851043
3359527
3609052
3497095
3011373
3645629
3887923
3492662
3318584
4217658
3741035
3220285
3310403
3935030
4254534
2992969
3905046
3771503
3800093
3418958
3889999
4092752
3296081
2986834
3998862
2992990
4014565
3754851
3066726
3808103
3526460
3357159
3685228
3488622
3308399
4217714
3571859
3345269
3906422
4273015
3625848
2898810
3236731
4058897
3771262
3548033
3093378
2884364
3292039
3632009
3953547
3025805
3554190
3904399
4213651
3124117
3867542
3754906
3765147
3179421
4093807
2958239
3984288
4254625
3883163
4103076
3763110
3445671
3907522
3101613
3130286
3167151
3846333
3091379
3632052
3443529
3578808
3371962
3609759
3265468
3075005
3873726
3273663
3972700
3632068
3314629
3971233
3945417
3746762
3922457
3658701
3765200
3107793
3025874
3541838
3582934
3107321
3392472
3849177
3085275
3134428
3636190
3564512
4195297
4275171
3990500
3003365
3283942
3036138
4148203
3365868
3625810
2962414
3429362
3950078
4154361
3705850
3044347
3867644
3034109
3512859
4187138
3888132
3745622
2931719
3017736
2884619
3007500
3259407
3580945
3111954
3329045
3355673
3750938
3824815
2927645
3103775
3085346
3742897
2870314
3417131
2935853
3530008
2892853
3523638
3499063
2933816
3690676
3669050
4022111
4029500
3474493
3148862
2937919
3531840
3071042
3034179
3095620
3863622
3337287
3046473
3882167
3488845
4265807
2890833
3484755
2919509
3454038
2989143
4013145
3724386
4238523
3031910
3544593
3357802
4234087
3346962
3501167
4195440
3296369
4155923
3282036
3761270
3908727
3787896
3253370
3927165
3159166
4037762
3157123
3636356
3200133
3263623
3859592
2882698
3282059
3517842
3847313
3765395
4271063
3622039
3224728
3697818
4027547
4156573
3158213
3263648
3253411
3597477
3861671
3857577
4029611
3157165
3297821
3038384
3412168
4034285
3353781
3130424
2933945
3746335
3962571
3854538
3570878
3472577
4038040
4246725
3529927
3149003
3050700
2989266
4164819
2936020
4171982
3349719
4101336
3671259
4220124
4271550
4046048
3632354
3842939
4230373
3736806
3452136
3034664
3068115
3716340
3882229
4150519
3273976
3857660
3878142
4241947
3048705
4209145
3435781
3294471
4273416
3656897
4000983
4170626
3714320
3618065
4123922
3034387
3251480
4091780
4111642
3415324
3927325
4210578
3153184
3745058
3730723
3728262
2899242
2864427
3968300
3770248
3349811
3063092
2983222
4175160
2914527
3255614
2995519
3838242
4209988
3966178
3681165
3702097
4124899
3734868
4236629
3473636
3650906
3050845
3001694
4275551
3177824
4091451
4285597
3881188
3882345
3196267
3325293
3313006
3869928
3517810
3607923
3712373
3380799
3380607
2968962
3771781
3689025
3785109
3165579
3640716
2993549
3036559
3995024
3110290
3292563
3747222
3929495
3698072
4118859
3696027
3270044
3725717
3805364
3904934
3489192
3087789
3626416
3550641
3814834
4007349
4249014
2892361
3866040
3734971
3558986
3644862
3784128
3780512
2860484
3405253
3252435
2899402
4019243
3632589
3761993
3808504
3235282
4076451
3686887
3204565
3966171
4156890
3960286
3948001
2921955
3372517
3935719
4058600
3841521
2948594
3170899
3110388
3411445
4146680
4119476
3597820
3495422
4212223
4076104
4019723
3016204
3941902
3489296
2965009
4006613
3873027
3714582
3698199
4064795
3610141
3161630
3556895
4208163
2883108
3792421
4062129
2997800
3436073
4076323
4145415
3730993
3513267
3237429
3706422
3294776
3686504
3857979
4128318
3368511
3466816
3995206
2905671
2891336
3534409
2967114
3302987
3546703
3081809
3663443
4189297
3378778
3047004
3692126
3540575
3798288
3364451
3071589
3536486
3122797
3587694
4064886
3120759
3307128
3966585
3853947
3409532
3552893
3030654
4063509
4214400
3931777
3709352
3350148
3976837
4118150
3769994
3243659
3649474
4049103
3917455
3430033
3981496
2926227
3391124
3522197
3450518
2895511
3372696
2885273
3051162
4026599
3245731
4050596
3739303
2895528
4241066
4196012
4171037
3548984
2978420
3034811
3638975
4112064
4094923
3780755
3017334
3372742
2901703
3055306
3157623
3374796
3442381
3126990
3428047
4008597
3010257
3032786
2948819
3559129
2871003
3911389
4039973
3552992
2959073
3563235
3622628
4091624
3994686
3357650
3381471
3620477
3747568
3622526
3251959
3144319
2944298
3432193
3419435
3774214
3833607
3782956
4238691
3245837
3639054
3581711
3942161
3497746
4121561
3438895
4071198
3813155
3866405
3182897
2950952
3213098
3946283
3821359
3667760
3065649
3561266
4032307
3823413
3426103
3389240
3938359
3548986
3309372
3125053
3096383
3793888
3034952
3090249
3108683
3522382
3810957
3413841
3780435
4194132
3295061
3583830
4059680
3776344
3436380
3147613
4239198
3432287
4015285
3862936
3212262
3252070
3906193
3219304
3977068
3534702
3909487
3817329
3391346
3745651
3721078
2990057
3530388
3786618
3903355
3886972
3465085
3832469
2862976
3053441
3571586
3923843
3385220
2936710
3948865
2858888
4032393
3491725
4194191
3546578
3643281
3297170
4116373
3641243
2973596
3256221
3825566
3688352
4107518
4217760
3307432
3248041
3448309
3109533
3504049
4159985
3940642
3667898
3750559
4196893
3413950
3164095
3372993
2940866
2926531
3498808
4124613
3485640
4057033
3370954
4083021
3878864
3479507
3125204
3604439
3989467
3832593
3579871
3297249
3932133
3842022
3024873
4084733
3618800
3186673
3414004
2992118
4169719
4235260
3201021
3706878
