30527489
30248964
30357846
30148624
30580754
30318615
30472223
30404653
30038065
30193715
30603317
30582844
30550082
30400589
30421070
30363730
30462035
30206036
30109787
30513245
30005344
30152803
30294118
30236776
30727870
30075010
30488712
30713995
30214285
30689430
30148762
30183580
30521501
30681251
30550181
30105767
30581106
30412977
30326970
30267579
30740668
30544062
30376127
30331072
30156994
30267593
30236874
30556364
30578041
30580956
30099152
30400738
30216420
30214376
30212329
30351596
30434685
30601457
30210293
30567465
30365945
30095610
30572796
30179583
30648576
30257409
30030084
30417622
30134535
30625495
30400781
30408749
30654736
30226705
30662931
30509332
30585110
30673175
30667032
30173467
30552356
30337320
30550313
30202157
30159159
30298429
30001471
30177604
30378315
30189902
30538063
30685521
30109411
30386518
30658904
30029199
30038367
30626149
30071143
30011755
30140786
30161268
30271865
30560637
30634366
30292355
30685573
30405004
30448013
30177679
30423446
30476701
30106017
30249378
30717339
30304681
30224811
30294770
30437809
30335421
30261699
30276036
30144966
30417355
30618065
30764451
30178491
30618070
30599643
30421472
30231012
30025810
30077424
30142961
30722547
30463277
30063098
30728702
30294529
30386692
30136838
30478855
30745097
30009871
30196241
30300691
30319134
30433371
30722597
30478894
30007858
30210614
30229051
30548540
30104126
30511684
30548550
30470728
30685769
30478924
30614093
30235215
30671686
30569045
30181975
30104153
30261851
30040668
30048861
30372448
30091875
30069356
30562749
30108275
30163574
30540407
30685831
30438508
30001807
30378640
30321298
30486979
30524052
30296728
30212762
30691995
30169756
30436001
30485275
30220965
30335664
30325425
30397113
30362305
30218699
30053061
30382793
30453464
30151373
30059215
30118609
30616274
30022357
30012118
30243544
30407385
30108379
30130914
30241511
30227176
30296814
30540528
30251762
30014199
30216952
30716666
30667521
30669570
30257928
30513929
30319371
30261378
30055185
30184210
30563095
30642969
30124826
30038811
30593820
30016290
30178084
30223141
30223145
30305067
30760143
30461037
30505782
30223159
30382907
30251839
30532418
30624907
30212934
30481223
30563145
30111543
30225232
30100309
30441273
30151512
30477146
30399330
30354281
30573423
30329714
30739318
30743420
30401406
30737282
30268292
30557063
30266250
30409618
30600086
30276504
30186401
30266276
30319525
30647208
30344109
30051247
30159792
30301113
30686138
30720956
30036928
30366658
30446535
30350281
30612429
30206928
30141404
30346213
30735338
30184429
30163951
30295030
30180350
30075905
30151686
30610444
30192653
30682126
30542680
30039065
30374942
30495779
30161959
30288937
30516267
30321710
30074717
30733361
30338099
30030900
30250037
30469300
30692421
30340172
30536787
30030938
30448734
30410597
30446688
30182499
30174308
30323820
30057581
30289009
30487667
30614646
30747768
30692884
30550207
30438529
30166149
30143627
30684303
30452884
30127256
30006426
30022814
30708054
30291112
30057648
30559411
30108852
30641334
30700728
30149819
30165194
30401726
30184639
30653635
30164164
30512327
30579916
30600399
30446802
30096595
30565592
30203098
30475483
30268641
30035170
30469349
30461138
30119150
30684402
30739700
30375162
30170363
30682372
30557446
30041362
30369045
30553366
30086426
30592285
30459169
30283042
30231845
30180646
30262567
30192936
30217513
30190892
30016813
30504239
30221616
30139698
30055731
30514484
30633524
30518599
30074185
30483790
30582098
30516572
30130064
30215523
30612837
30556732
30121323
30582126
30152050
30524787
30078326
30646505
30283128
30326137
30115195
30045565
30568192
30735751
30705032
30166410
30256527
30270864
30490001
30051736
30465435
30057889
30258595
30023079
30440877
30295473
30610868
30217656
30410169
30705083
30680519
30516684
30641614
30196665
30585423
30473695
30481888
30045670
30060008
30735850
30131693
30449137
30002675
30046704
30439679
30232060
30078461
30641662
30209540
30150156
30072340
30459414
30750235
30039581
30428705
30645510
30535206
30572073
30432810
30002731
30514733
30663399
30606896
30109236
30531134
30608959
30006850
30669067
30522953
30277194
30508621
30541390
30573155
30314069
30101078
30081977
30131800
30455385
30508634
30740066
30643826
30322291
30127733
30379638
30595274
30252668
30590593
30606978
30256772
30756503
30023321
30439069
30486469
30453412
30197425
30089843
30344887
30265019
30707388
30056126
30230133
30467776
30199497
30019277
30605006
30078672
30308050
30514903
30062296
30492378
30205659
30478047
30732002
30050019
30187242
30414578
30736115
30230271
30373632
30453512
30564109
30271247
30254868
30353174
30021403
30172958
30545700
30254885
30734119
30222130
30519091
30338871
30648120
30093113
30422842
30383931
30312252
30390078
30652229
30670672
30097236
30369623
30719833
30000989
30648160
30328673
30127971
30412645
30328681
30476138
30652391
30661266
30617454
30682996
30265284
30242686
30586757
30093191
30273417
30719331
30647277
30156688
30035860
30719536
30594968
30701892
30222235
30548634
30568353
30246821
30607276
30697389
30293937
30130104
30142393
30545851
30277572
30127094
30197703
30322634
30765011
30623396
30142429
30359519
30220262
30552039
30400494
30482418
30400851
30558199
30482425
30509051
30396413
